(3,0) 2 0 0 (-1,1.22465e-16)
(3,0) 2 0 0 (-1,1.22465e-16)
(1,0) 2 0 0 (-1,1.22465e-16)
(0,0) 2 0 0 (-1,1.22465e-16)
(0,0) 2 0 0 (-1,1.22465e-16)
(0,0) 2 0 0 (-1,1.22465e-16)
(1,0) 2 0 0 (-1,1.22465e-16)
(0,0) 2 0 0 (-1,1.22465e-16)
(2,0) 2 0 0 (-1,1.22465e-16)
(0,0) 2 0 0 (-1,1.22465e-16)
(0,0) 2 0 0 (-1,1.22465e-16)
(0,0) 2 0 0 (-1,1.22465e-16)
(2,0) 2 0 0 (-1,1.22465e-16)
(0,0) 2 0 0 (-1,1.22465e-16)
(0,0) 2 0 0 (-1,1.22465e-16)
(0,0) 2 0 0 (-1,1.22465e-16)
(3,0) 2 2 0 (-1,1.22465e-16)
(3,0) 2 2 0 (-1,1.22465e-16)
(1,0) 2 2 0 (-1,1.22465e-16)
(1,0) 2 2 0 (-1,1.22465e-16)
(0,0) 2 2 0 (-1,1.22465e-16)
(0,0) 2 2 0 (-1,1.22465e-16)
(1,0) 2 2 0 (-1,1.22465e-16)
(0,0) 2 2 0 (-1,1.22465e-16)
(2,0) 2 2 0 (-1,1.22465e-16)
(0,0) 2 2 0 (-1,1.22465e-16)
(0,0) 2 2 0 (-1,1.22465e-16)
(0,0) 2 2 0 (-1,1.22465e-16)
(2,0) 2 2 0 (-1,1.22465e-16)
(0,0) 2 2 0 (-1,1.22465e-16)
(0,0) 2 2 0 (-1,1.22465e-16)
(0,0) 2 2 0 (-1,1.22465e-16)
(3,0) 2 4 0 (-1,1.22465e-16)
(3,0) 2 4 0 (-1,1.22465e-16)
(1,0) 2 4 0 (-1,1.22465e-16)
(1,0) 2 4 0 (-1,1.22465e-16)
(0,0) 2 4 0 (-1,1.22465e-16)
(0,0) 2 4 0 (-1,1.22465e-16)
(1,0) 2 4 0 (-1,1.22465e-16)
(0,0) 2 4 0 (-1,1.22465e-16)
(2,0) 2 4 0 (-1,1.22465e-16)
(0,0) 2 4 0 (-1,1.22465e-16)
(0,0) 2 4 0 (-1,1.22465e-16)
(0,0) 2 4 0 (-1,1.22465e-16)
(2,0) 2 4 0 (-1,1.22465e-16)
(0,0) 2 4 0 (-1,1.22465e-16)
(0,0) 2 4 0 (-1,1.22465e-16)
(0,0) 2 4 0 (-1,1.22465e-16)
(3,0) 2 6 0 (-1,1.22465e-16)
(3,0) 2 6 0 (-1,1.22465e-16)
(1,0) 2 6 0 (-1,1.22465e-16)
(1,0) 2 6 0 (-1,1.22465e-16)
(0,0) 2 6 0 (-1,1.22465e-16)
(0,0) 2 6 0 (-1,1.22465e-16)
(1,0) 2 6 0 (-1,1.22465e-16)
(1,0) 2 6 0 (-1,1.22465e-16)
(2,0) 2 6 0 (-1,1.22465e-16)
(0,0) 2 6 0 (-1,1.22465e-16)
(0,0) 2 6 0 (-1,1.22465e-16)
(0,0) 2 6 0 (-1,1.22465e-16)
(2,0) 2 6 0 (-1,1.22465e-16)
(0,0) 2 6 0 (-1,1.22465e-16)
(0,0) 2 6 0 (-1,1.22465e-16)
(0,0) 2 6 0 (-1,1.22465e-16)
(3,0) 2 8 0 (-1,1.22465e-16)
(3,0) 2 8 0 (-1,1.22465e-16)
(1,0) 2 8 0 (-1,1.22465e-16)
(1,0) 2 8 0 (-1,1.22465e-16)
(0,0) 2 8 0 (-1,1.22465e-16)
(0,0) 2 8 0 (-1,1.22465e-16)
(1,0) 2 8 0 (-1,1.22465e-16)
(1,0) 2 8 0 (-1,1.22465e-16)
(2,0) 2 8 0 (-1,1.22465e-16)
(2,0) 2 8 0 (-1,1.22465e-16)
(0,0) 2 8 0 (-1,1.22465e-16)
(0,0) 2 8 0 (-1,1.22465e-16)
(2,0) 2 8 0 (-1,1.22465e-16)
(0,0) 2 8 0 (-1,1.22465e-16)
(0,0) 2 8 0 (-1,1.22465e-16)
(0,0) 2 8 0 (-1,1.22465e-16)
(3,0) 2 10 0 (-1,1.22465e-16)
(3,0) 2 10 0 (-1,1.22465e-16)
(1,0) 2 10 0 (-1,1.22465e-16)
(1,0) 2 10 0 (-1,1.22465e-16)
(0,0) 2 10 0 (-1,1.22465e-16)
(0,0) 2 10 0 (-1,1.22465e-16)
(1,0) 2 10 0 (-1,1.22465e-16)
(1,0) 2 10 0 (-1,1.22465e-16)
(2,0) 2 10 0 (-1,1.22465e-16)
(2,0) 2 10 0 (-1,1.22465e-16)
(0,0) 2 10 0 (-1,1.22465e-16)
(0,0) 2 10 0 (-1,1.22465e-16)
(2,0) 2 10 0 (-1,1.22465e-16)
(0,0) 2 10 0 (-1,1.22465e-16)
(0,0) 2 10 0 (-1,1.22465e-16)
(0,0) 2 10 0 (-1,1.22465e-16)
(3,0) 2 12 0 (-1,1.22465e-16)
(3,0) 2 12 0 (-1,1.22465e-16)
(1,0) 2 12 0 (-1,1.22465e-16)
(1,0) 2 12 0 (-1,1.22465e-16)
(0,0) 2 12 0 (-1,1.22465e-16)
(0,0) 2 12 0 (-1,1.22465e-16)
(1,0) 2 12 0 (-1,1.22465e-16)
(1,0) 2 12 0 (-1,1.22465e-16)
(2,0) 2 12 0 (-1,1.22465e-16)
(2,0) 2 12 0 (-1,1.22465e-16)
(0,0) 2 12 0 (-1,1.22465e-16)
(0,0) 2 12 0 (-1,1.22465e-16)
(2,0) 2 12 0 (-1,1.22465e-16)
(2,0) 2 12 0 (-1,1.22465e-16)
(0,0) 2 12 0 (-1,1.22465e-16)
(0,0) 2 12 0 (-1,1.22465e-16)
(3,0) 2 14 0 (-1,1.22465e-16)
(3,0) 2 14 0 (-1,1.22465e-16)
(1,0) 2 14 0 (-1,1.22465e-16)
(1,0) 2 14 0 (-1,1.22465e-16)
(0,0) 2 14 0 (-1,1.22465e-16)
(0,0) 2 14 0 (-1,1.22465e-16)
(1,0) 2 14 0 (-1,1.22465e-16)
(1,0) 2 14 0 (-1,1.22465e-16)
(2,0) 2 14 0 (-1,1.22465e-16)
(2,0) 2 14 0 (-1,1.22465e-16)
(0,0) 2 14 0 (-1,1.22465e-16)
(0,0) 2 14 0 (-1,1.22465e-16)
(2,0) 2 14 0 (-1,1.22465e-16)
(2,0) 2 14 0 (-1,1.22465e-16)
(0,0) 2 14 0 (-1,1.22465e-16)
(0,0) 2 14 0 (-1,1.22465e-16)
(4,0) 4 0 0 (6.12323e-17,1)
(3,0) 4 0 0 (6.12323e-17,1)
(2,0) 4 0 0 (6.12323e-17,1)
(1,0) 4 0 0 (6.12323e-17,1)
(0,0) 4 0 0 (6.12323e-17,1)
(0,0) 4 0 0 (6.12323e-17,1)
(1,0) 4 0 0 (6.12323e-17,1)
(1,0) 4 0 0 (6.12323e-17,1)
(2,0) 4 0 0 (6.12323e-17,1)
(2,0) 4 0 0 (6.12323e-17,1)
(0,0) 4 0 0 (6.12323e-17,1)
(0,0) 4 0 0 (6.12323e-17,1)
(2,0) 4 0 0 (6.12323e-17,1)
(2,0) 4 0 0 (6.12323e-17,1)
(0,0) 4 0 0 (6.12323e-17,1)
(0,0) 4 0 0 (6.12323e-17,1)
(4,0) 4 0 1 (-1,1.22465e-16)
(3,1) 4 0 1 (-1,1.22465e-16)
(2,0) 4 0 1 (-1,1.22465e-16)
(3,-1) 4 0 1 (-1,1.22465e-16)
(0,0) 4 0 1 (-1,1.22465e-16)
(0,0) 4 0 1 (-1,1.22465e-16)
(1,0) 4 0 1 (-1,1.22465e-16)
(1,0) 4 0 1 (-1,1.22465e-16)
(2,0) 4 0 1 (-1,1.22465e-16)
(2,0) 4 0 1 (-1,1.22465e-16)
(0,0) 4 0 1 (-1,1.22465e-16)
(0,0) 4 0 1 (-1,1.22465e-16)
(2,0) 4 0 1 (-1,1.22465e-16)
(2,0) 4 0 1 (-1,1.22465e-16)
(0,0) 4 0 1 (-1,1.22465e-16)
(0,0) 4 0 1 (-1,1.22465e-16)
(4,0) 4 4 0 (6.12323e-17,1)
(3,1) 4 4 0 (6.12323e-17,1)
(2,0) 4 4 0 (6.12323e-17,1)
(3,-1) 4 4 0 (6.12323e-17,1)
(1,0) 4 4 0 (6.12323e-17,1)
(0,0) 4 4 0 (6.12323e-17,1)
(-1,0) 4 4 0 (6.12323e-17,1)
(1,0) 4 4 0 (6.12323e-17,1)
(2,0) 4 4 0 (6.12323e-17,1)
(2,0) 4 4 0 (6.12323e-17,1)
(0,0) 4 4 0 (6.12323e-17,1)
(0,0) 4 4 0 (6.12323e-17,1)
(2,0) 4 4 0 (6.12323e-17,1)
(2,0) 4 4 0 (6.12323e-17,1)
(0,0) 4 4 0 (6.12323e-17,1)
(0,0) 4 4 0 (6.12323e-17,1)
(4,0) 4 4 1 (-1,1.22465e-16)
(3,1) 4 4 1 (-1,1.22465e-16)
(2,0) 4 4 1 (-1,1.22465e-16)
(3,-1) 4 4 1 (-1,1.22465e-16)
(1,0) 4 4 1 (-1,1.22465e-16)
(6.12323e-17,1) 4 4 1 (-1,1.22465e-16)
(-1,0) 4 4 1 (-1,1.22465e-16)
(-6.12323e-17,-1) 4 4 1 (-1,1.22465e-16)
(2,0) 4 4 1 (-1,1.22465e-16)
(2,0) 4 4 1 (-1,1.22465e-16)
(0,0) 4 4 1 (-1,1.22465e-16)
(0,0) 4 4 1 (-1,1.22465e-16)
(2,0) 4 4 1 (-1,1.22465e-16)
(2,0) 4 4 1 (-1,1.22465e-16)
(0,0) 4 4 1 (-1,1.22465e-16)
(0,0) 4 4 1 (-1,1.22465e-16)
(4,0) 4 8 0 (6.12323e-17,1)
(3,1) 4 8 0 (6.12323e-17,1)
(2,0) 4 8 0 (6.12323e-17,1)
(3,-1) 4 8 0 (6.12323e-17,1)
(1,0) 4 8 0 (6.12323e-17,1)
(6.12323e-17,1) 4 8 0 (6.12323e-17,1)
(-1,0) 4 8 0 (6.12323e-17,1)
(-6.12323e-17,-1) 4 8 0 (6.12323e-17,1)
(2,0) 4 8 0 (6.12323e-17,1)
(2,0) 4 8 0 (6.12323e-17,1)
(2,0) 4 8 0 (6.12323e-17,1)
(0,0) 4 8 0 (6.12323e-17,1)
(2,0) 4 8 0 (6.12323e-17,1)
(2,0) 4 8 0 (6.12323e-17,1)
(0,0) 4 8 0 (6.12323e-17,1)
(0,0) 4 8 0 (6.12323e-17,1)
(4,0) 4 8 1 (-1,1.22465e-16)
(3,1) 4 8 1 (-1,1.22465e-16)
(2,0) 4 8 1 (-1,1.22465e-16)
(3,-1) 4 8 1 (-1,1.22465e-16)
(1,0) 4 8 1 (-1,1.22465e-16)
(6.12323e-17,1) 4 8 1 (-1,1.22465e-16)
(-1,0) 4 8 1 (-1,1.22465e-16)
(-6.12323e-17,-1) 4 8 1 (-1,1.22465e-16)
(2,0) 4 8 1 (-1,1.22465e-16)
(2,0) 4 8 1 (-1,1.22465e-16)
(2,0) 4 8 1 (-1,1.22465e-16)
(2,0) 4 8 1 (-1,1.22465e-16)
(2,0) 4 8 1 (-1,1.22465e-16)
(2,0) 4 8 1 (-1,1.22465e-16)
(0,0) 4 8 1 (-1,1.22465e-16)
(0,0) 4 8 1 (-1,1.22465e-16)
(4,0) 4 12 0 (6.12323e-17,1)
(3,1) 4 12 0 (6.12323e-17,1)
(2,0) 4 12 0 (6.12323e-17,1)
(3,-1) 4 12 0 (6.12323e-17,1)
(1,0) 4 12 0 (6.12323e-17,1)
(6.12323e-17,1) 4 12 0 (6.12323e-17,1)
(-1,0) 4 12 0 (6.12323e-17,1)
(-6.12323e-17,-1) 4 12 0 (6.12323e-17,1)
(2,0) 4 12 0 (6.12323e-17,1)
(2,0) 4 12 0 (6.12323e-17,1)
(2,0) 4 12 0 (6.12323e-17,1)
(2,0) 4 12 0 (6.12323e-17,1)
(2,0) 4 12 0 (6.12323e-17,1)
(2,0) 4 12 0 (6.12323e-17,1)
(2,0) 4 12 0 (6.12323e-17,1)
(0,0) 4 12 0 (6.12323e-17,1)
(4,0) 4 12 1 (-1,1.22465e-16)
(3,1) 4 12 1 (-1,1.22465e-16)
(2,0) 4 12 1 (-1,1.22465e-16)
(3,-1) 4 12 1 (-1,1.22465e-16)
(1,0) 4 12 1 (-1,1.22465e-16)
(6.12323e-17,1) 4 12 1 (-1,1.22465e-16)
(-1,0) 4 12 1 (-1,1.22465e-16)
(-6.12323e-17,-1) 4 12 1 (-1,1.22465e-16)
(2,0) 4 12 1 (-1,1.22465e-16)
(2,0) 4 12 1 (-1,1.22465e-16)
(2,0) 4 12 1 (-1,1.22465e-16)
(2,0) 4 12 1 (-1,1.22465e-16)
(2,0) 4 12 1 (-1,1.22465e-16)
(2,0) 4 12 1 (-1,1.22465e-16)
(2,0) 4 12 1 (-1,1.22465e-16)
(2,0) 4 12 1 (-1,1.22465e-16)
(5,0) 8 0 0 (0.707107,0.707107)
(3,1) 8 0 0 (0.707107,0.707107)
(2,0) 8 0 0 (0.707107,0.707107)
(3,-1) 8 0 0 (0.707107,0.707107)
(3,0) 8 0 0 (0.707107,0.707107)
(6.12323e-17,1) 8 0 0 (0.707107,0.707107)
(-1,0) 8 0 0 (0.707107,0.707107)
(-6.12323e-17,-1) 8 0 0 (0.707107,0.707107)
(2,0) 8 0 0 (0.707107,0.707107)
(2,0) 8 0 0 (0.707107,0.707107)
(2,0) 8 0 0 (0.707107,0.707107)
(2,0) 8 0 0 (0.707107,0.707107)
(2,0) 8 0 0 (0.707107,0.707107)
(2,0) 8 0 0 (0.707107,0.707107)
(2,0) 8 0 0 (0.707107,0.707107)
(2,0) 8 0 0 (0.707107,0.707107)
(5,0) 8 0 1 (2.22045e-16,1)
(2.29289,1.70711) 8 0 1 (2.22045e-16,1)
(2,0) 8 0 1 (2.22045e-16,1)
(3,-1) 8 0 1 (2.22045e-16,1)
(3,0) 8 0 1 (2.22045e-16,1)
(3.70711,0.292893) 8 0 1 (2.22045e-16,1)
(-1,0) 8 0 1 (2.22045e-16,1)
(-6.12323e-17,-1) 8 0 1 (2.22045e-16,1)
(2,0) 8 0 1 (2.22045e-16,1)
(2,0) 8 0 1 (2.22045e-16,1)
(2,0) 8 0 1 (2.22045e-16,1)
(2,0) 8 0 1 (2.22045e-16,1)
(2,0) 8 0 1 (2.22045e-16,1)
(2,0) 8 0 1 (2.22045e-16,1)
(2,0) 8 0 1 (2.22045e-16,1)
(2,0) 8 0 1 (2.22045e-16,1)
(5,0) 8 0 2 (-0.707107,0.707107)
(2.29289,1.70711) 8 0 2 (-0.707107,0.707107)
(2,-1) 8 0 2 (-0.707107,0.707107)
(3,-1) 8 0 2 (-0.707107,0.707107)
(3,0) 8 0 2 (-0.707107,0.707107)
(3.70711,0.292893) 8 0 2 (-0.707107,0.707107)
(2,1) 8 0 2 (-0.707107,0.707107)
(-6.12323e-17,-1) 8 0 2 (-0.707107,0.707107)
(2,0) 8 0 2 (-0.707107,0.707107)
(2,0) 8 0 2 (-0.707107,0.707107)
(2,0) 8 0 2 (-0.707107,0.707107)
(2,0) 8 0 2 (-0.707107,0.707107)
(2,0) 8 0 2 (-0.707107,0.707107)
(2,0) 8 0 2 (-0.707107,0.707107)
(2,0) 8 0 2 (-0.707107,0.707107)
(2,0) 8 0 2 (-0.707107,0.707107)
(5,0) 8 0 3 (-1,2.77556e-16)
(2.29289,1.70711) 8 0 3 (-1,2.77556e-16)
(2,-1) 8 0 3 (-1,2.77556e-16)
(3.70711,-0.292893) 8 0 3 (-1,2.77556e-16)
(3,0) 8 0 3 (-1,2.77556e-16)
(3.70711,0.292893) 8 0 3 (-1,2.77556e-16)
(2,1) 8 0 3 (-1,2.77556e-16)
(2.29289,-1.70711) 8 0 3 (-1,2.77556e-16)
(2,0) 8 0 3 (-1,2.77556e-16)
(2,0) 8 0 3 (-1,2.77556e-16)
(2,0) 8 0 3 (-1,2.77556e-16)
(2,0) 8 0 3 (-1,2.77556e-16)
(2,0) 8 0 3 (-1,2.77556e-16)
(2,0) 8 0 3 (-1,2.77556e-16)
(2,0) 8 0 3 (-1,2.77556e-16)
(2,0) 8 0 3 (-1,2.77556e-16)
(5,0) 8 8 0 (0.707107,0.707107)
(2.29289,1.70711) 8 8 0 (0.707107,0.707107)
(2,-1) 8 8 0 (0.707107,0.707107)
(3.70711,-0.292893) 8 8 0 (0.707107,0.707107)
(3,0) 8 8 0 (0.707107,0.707107)
(3.70711,0.292893) 8 8 0 (0.707107,0.707107)
(2,1) 8 8 0 (0.707107,0.707107)
(2.29289,-1.70711) 8 8 0 (0.707107,0.707107)
(4,0) 8 8 0 (0.707107,0.707107)
(2,0) 8 8 0 (0.707107,0.707107)
(2,0) 8 8 0 (0.707107,0.707107)
(2,0) 8 8 0 (0.707107,0.707107)
(0,0) 8 8 0 (0.707107,0.707107)
(2,0) 8 8 0 (0.707107,0.707107)
(2,0) 8 8 0 (0.707107,0.707107)
(2,0) 8 8 0 (0.707107,0.707107)
(5,0) 8 8 1 (2.22045e-16,1)
(2.29289,1.70711) 8 8 1 (2.22045e-16,1)
(2,-1) 8 8 1 (2.22045e-16,1)
(3.70711,-0.292893) 8 8 1 (2.22045e-16,1)
(3,0) 8 8 1 (2.22045e-16,1)
(3.70711,0.292893) 8 8 1 (2.22045e-16,1)
(2,1) 8 8 1 (2.22045e-16,1)
(2.29289,-1.70711) 8 8 1 (2.22045e-16,1)
(4,0) 8 8 1 (2.22045e-16,1)
(3.41421,1.41421) 8 8 1 (2.22045e-16,1)
(2,0) 8 8 1 (2.22045e-16,1)
(2,0) 8 8 1 (2.22045e-16,1)
(0,0) 8 8 1 (2.22045e-16,1)
(0.585786,-1.41421) 8 8 1 (2.22045e-16,1)
(2,0) 8 8 1 (2.22045e-16,1)
(2,0) 8 8 1 (2.22045e-16,1)
(5,0) 8 8 2 (-0.707107,0.707107)
(2.29289,1.70711) 8 8 2 (-0.707107,0.707107)
(2,-1) 8 8 2 (-0.707107,0.707107)
(3.70711,-0.292893) 8 8 2 (-0.707107,0.707107)
(3,0) 8 8 2 (-0.707107,0.707107)
(3.70711,0.292893) 8 8 2 (-0.707107,0.707107)
(2,1) 8 8 2 (-0.707107,0.707107)
(2.29289,-1.70711) 8 8 2 (-0.707107,0.707107)
(4,0) 8 8 2 (-0.707107,0.707107)
(3.41421,1.41421) 8 8 2 (-0.707107,0.707107)
(2,2) 8 8 2 (-0.707107,0.707107)
(2,0) 8 8 2 (-0.707107,0.707107)
(0,0) 8 8 2 (-0.707107,0.707107)
(0.585786,-1.41421) 8 8 2 (-0.707107,0.707107)
(2,-2) 8 8 2 (-0.707107,0.707107)
(2,0) 8 8 2 (-0.707107,0.707107)
(5,0) 8 8 3 (-1,2.77556e-16)
(2.29289,1.70711) 8 8 3 (-1,2.77556e-16)
(2,-1) 8 8 3 (-1,2.77556e-16)
(3.70711,-0.292893) 8 8 3 (-1,2.77556e-16)
(3,0) 8 8 3 (-1,2.77556e-16)
(3.70711,0.292893) 8 8 3 (-1,2.77556e-16)
(2,1) 8 8 3 (-1,2.77556e-16)
(2.29289,-1.70711) 8 8 3 (-1,2.77556e-16)
(4,0) 8 8 3 (-1,2.77556e-16)
(3.41421,1.41421) 8 8 3 (-1,2.77556e-16)
(2,2) 8 8 3 (-1,2.77556e-16)
(0.585786,1.41421) 8 8 3 (-1,2.77556e-16)
(0,0) 8 8 3 (-1,2.77556e-16)
(0.585786,-1.41421) 8 8 3 (-1,2.77556e-16)
(2,-2) 8 8 3 (-1,2.77556e-16)
(3.41421,-1.41421) 8 8 3 (-1,2.77556e-16)
(9,0) 16 0 0 (0.92388,0.382683)
(2.29289,1.70711) 16 0 0 (0.92388,0.382683)
(2,-1) 16 0 0 (0.92388,0.382683)
(3.70711,-0.292893) 16 0 0 (0.92388,0.382683)
(3,0) 16 0 0 (0.92388,0.382683)
(3.70711,0.292893) 16 0 0 (0.92388,0.382683)
(2,1) 16 0 0 (0.92388,0.382683)
(2.29289,-1.70711) 16 0 0 (0.92388,0.382683)
(1,0) 16 0 0 (0.92388,0.382683)
(3.41421,1.41421) 16 0 0 (0.92388,0.382683)
(2,2) 16 0 0 (0.92388,0.382683)
(0.585786,1.41421) 16 0 0 (0.92388,0.382683)
(0,0) 16 0 0 (0.92388,0.382683)
(0.585786,-1.41421) 16 0 0 (0.92388,0.382683)
(2,-2) 16 0 0 (0.92388,0.382683)
(3.41421,-1.41421) 16 0 0 (0.92388,0.382683)
(9,0) 16 0 1 (0.707107,0.707107)
(4.90602,4.32023) 16 0 1 (0.707107,0.707107)
(2,-1) 16 0 1 (0.707107,0.707107)
(3.70711,-0.292893) 16 0 1 (0.707107,0.707107)
(3,0) 16 0 1 (0.707107,0.707107)
(3.70711,0.292893) 16 0 1 (0.707107,0.707107)
(2,1) 16 0 1 (0.707107,0.707107)
(2.29289,-1.70711) 16 0 1 (0.707107,0.707107)
(1,0) 16 0 1 (0.707107,0.707107)
(-0.320233,-0.906019) 16 0 1 (0.707107,0.707107)
(2,2) 16 0 1 (0.707107,0.707107)
(0.585786,1.41421) 16 0 1 (0.707107,0.707107)
(0,0) 16 0 1 (0.707107,0.707107)
(0.585786,-1.41421) 16 0 1 (0.707107,0.707107)
(2,-2) 16 0 1 (0.707107,0.707107)
(3.41421,-1.41421) 16 0 1 (0.707107,0.707107)
(9,0) 16 0 2 (0.382683,0.92388)
(4.90602,4.32023) 16 0 2 (0.382683,0.92388)
(2,1.82843) 16 0 2 (0.382683,0.92388)
(3.70711,-0.292893) 16 0 2 (0.382683,0.92388)
(3,0) 16 0 2 (0.382683,0.92388)
(3.70711,0.292893) 16 0 2 (0.382683,0.92388)
(2,1) 16 0 2 (0.382683,0.92388)
(2.29289,-1.70711) 16 0 2 (0.382683,0.92388)
(1,0) 16 0 2 (0.382683,0.92388)
(-0.320233,-0.906019) 16 0 2 (0.382683,0.92388)
(2,-3.82843) 16 0 2 (0.382683,0.92388)
(0.585786,1.41421) 16 0 2 (0.382683,0.92388)
(0,0) 16 0 2 (0.382683,0.92388)
(0.585786,-1.41421) 16 0 2 (0.382683,0.92388)
(2,-2) 16 0 2 (0.382683,0.92388)
(3.41421,-1.41421) 16 0 2 (0.382683,0.92388)
(9,0) 16 0 3 (-1.11022e-16,1)
(4.90602,4.32023) 16 0 3 (-1.11022e-16,1)
(2,1.82843) 16 0 3 (-1.11022e-16,1)
(2.62471,0.789499) 16 0 3 (-1.11022e-16,1)
(3,0) 16 0 3 (-1.11022e-16,1)
(3.70711,0.292893) 16 0 3 (-1.11022e-16,1)
(2,1) 16 0 3 (-1.11022e-16,1)
(2.29289,-1.70711) 16 0 3 (-1.11022e-16,1)
(1,0) 16 0 3 (-1.11022e-16,1)
(-0.320233,-0.906019) 16 0 3 (-1.11022e-16,1)
(2,-3.82843) 16 0 3 (-1.11022e-16,1)
(4.7895,-1.37529) 16 0 3 (-1.11022e-16,1)
(0,0) 16 0 3 (-1.11022e-16,1)
(0.585786,-1.41421) 16 0 3 (-1.11022e-16,1)
(2,-2) 16 0 3 (-1.11022e-16,1)
(3.41421,-1.41421) 16 0 3 (-1.11022e-16,1)
(9,0) 16 0 4 (-0.382683,0.92388)
(4.90602,4.32023) 16 0 4 (-0.382683,0.92388)
(2,1.82843) 16 0 4 (-0.382683,0.92388)
(2.62471,0.789499) 16 0 4 (-0.382683,0.92388)
(3,0) 16 0 4 (-0.382683,0.92388)
(3.70711,0.292893) 16 0 4 (-0.382683,0.92388)
(2,1) 16 0 4 (-0.382683,0.92388)
(2.29289,-1.70711) 16 0 4 (-0.382683,0.92388)
(1,0) 16 0 4 (-0.382683,0.92388)
(-0.320233,-0.906019) 16 0 4 (-0.382683,0.92388)
(2,-3.82843) 16 0 4 (-0.382683,0.92388)
(4.7895,-1.37529) 16 0 4 (-0.382683,0.92388)
(3,0) 16 0 4 (-0.382683,0.92388)
(0.585786,-1.41421) 16 0 4 (-0.382683,0.92388)
(2,-2) 16 0 4 (-0.382683,0.92388)
(3.41421,-1.41421) 16 0 4 (-0.382683,0.92388)
(9,0) 16 0 5 (-0.707107,0.707107)
(4.90602,4.32023) 16 0 5 (-0.707107,0.707107)
(2,1.82843) 16 0 5 (-0.707107,0.707107)
(2.62471,0.789499) 16 0 5 (-0.707107,0.707107)
(3,0) 16 0 5 (-0.707107,0.707107)
(4.7895,1.37529) 16 0 5 (-0.707107,0.707107)
(2,1) 16 0 5 (-0.707107,0.707107)
(2.29289,-1.70711) 16 0 5 (-0.707107,0.707107)
(1,0) 16 0 5 (-0.707107,0.707107)
(-0.320233,-0.906019) 16 0 5 (-0.707107,0.707107)
(2,-3.82843) 16 0 5 (-0.707107,0.707107)
(4.7895,-1.37529) 16 0 5 (-0.707107,0.707107)
(3,0) 16 0 5 (-0.707107,0.707107)
(2.62471,-0.789499) 16 0 5 (-0.707107,0.707107)
(2,-2) 16 0 5 (-0.707107,0.707107)
(3.41421,-1.41421) 16 0 5 (-0.707107,0.707107)
(9,0) 16 0 6 (-0.92388,0.382683)
(4.90602,4.32023) 16 0 6 (-0.92388,0.382683)
(2,1.82843) 16 0 6 (-0.92388,0.382683)
(2.62471,0.789499) 16 0 6 (-0.92388,0.382683)
(3,0) 16 0 6 (-0.92388,0.382683)
(4.7895,1.37529) 16 0 6 (-0.92388,0.382683)
(2,3.82843) 16 0 6 (-0.92388,0.382683)
(2.29289,-1.70711) 16 0 6 (-0.92388,0.382683)
(1,0) 16 0 6 (-0.92388,0.382683)
(-0.320233,-0.906019) 16 0 6 (-0.92388,0.382683)
(2,-3.82843) 16 0 6 (-0.92388,0.382683)
(4.7895,-1.37529) 16 0 6 (-0.92388,0.382683)
(3,0) 16 0 6 (-0.92388,0.382683)
(2.62471,-0.789499) 16 0 6 (-0.92388,0.382683)
(2,-1.82843) 16 0 6 (-0.92388,0.382683)
(3.41421,-1.41421) 16 0 6 (-0.92388,0.382683)
(9,0) 16 0 7 (-1,-1.66533e-16)
(4.90602,4.32023) 16 0 7 (-1,-1.66533e-16)
(2,1.82843) 16 0 7 (-1,-1.66533e-16)
(2.62471,0.789499) 16 0 7 (-1,-1.66533e-16)
(3,0) 16 0 7 (-1,-1.66533e-16)
(4.7895,1.37529) 16 0 7 (-1,-1.66533e-16)
(2,3.82843) 16 0 7 (-1,-1.66533e-16)
(-0.320233,0.906019) 16 0 7 (-1,-1.66533e-16)
(1,0) 16 0 7 (-1,-1.66533e-16)
(-0.320233,-0.906019) 16 0 7 (-1,-1.66533e-16)
(2,-3.82843) 16 0 7 (-1,-1.66533e-16)
(4.7895,-1.37529) 16 0 7 (-1,-1.66533e-16)
(3,0) 16 0 7 (-1,-1.66533e-16)
(2.62471,-0.789499) 16 0 7 (-1,-1.66533e-16)
(2,-1.82843) 16 0 7 (-1,-1.66533e-16)
(4.90602,-4.32023) 16 0 7 (-1,-1.66533e-16)
primal:
0	(3,0)
1	(2,0)
2	(0,0)
3	(2,0)
4	(1,0)
5	(0,0)
6	(1,0)
7	(0,0)
8	(0,0)
9	(0,0)
10	(0,0)
11	(0,0)
12	(0,0)
13	(0,0)
14	(0,0)
15	(0,0)

dual:
0	(9,0)
1	(4.90602,4.32023)
2	(2,1.82843)
3	(2.62471,0.789499)
4	(3,0)
5	(4.7895,1.37529)
6	(2,3.82843)
7	(-0.320233,0.906019)
8	(1,0)
9	(-0.320233,-0.906019)
10	(2,-3.82843)
11	(4.7895,-1.37529)
12	(3,0)
13	(2.62471,-0.789499)
14	(2,-1.82843)
15	(4.90602,-4.32023)
(82,0) 2 0 0 (-1,-1.22465e-16)
(80,0) 2 0 0 (-1,-1.22465e-16)
(9,0) 2 0 0 (-1,-1.22465e-16)
(9,0) 2 0 0 (-1,-1.22465e-16)
(0.656854,7.31371) 2 0 0 (-1,-1.22465e-16)
(-10.6569,-15.3137) 2 0 0 (-1,-1.22465e-16)
(-10.6569,15.3137) 2 0 0 (-1,-1.22465e-16)
(0.656854,-7.31371) 2 0 0 (-1,-1.22465e-16)
(5.40461,42.3903) 2 0 0 (-1,-1.22465e-16)
(-0.718322,0.580274) 2 0 0 (-1,-1.22465e-16)
(21.0479,13.1739) 2 0 0 (-1,-1.22465e-16)
(6.26582,-4.14442) 2 0 0 (-1,-1.22465e-16)
(6.26582,4.14442) 2 0 0 (-1,-1.22465e-16)
(21.0479,-13.1739) 2 0 0 (-1,-1.22465e-16)
(-0.718322,-0.580274) 2 0 0 (-1,-1.22465e-16)
(5.40461,-42.3903) 2 0 0 (-1,-1.22465e-16)
(82,0) 2 2 0 (-1,-1.22465e-16)
(80,0) 2 2 0 (-1,-1.22465e-16)
(18,0) 2 2 0 (-1,-1.22465e-16)
(0,0) 2 2 0 (-1,-1.22465e-16)
(0.656854,7.31371) 2 2 0 (-1,-1.22465e-16)
(-10.6569,-15.3137) 2 2 0 (-1,-1.22465e-16)
(-10.6569,15.3137) 2 2 0 (-1,-1.22465e-16)
(0.656854,-7.31371) 2 2 0 (-1,-1.22465e-16)
(5.40461,42.3903) 2 2 0 (-1,-1.22465e-16)
(-0.718322,0.580274) 2 2 0 (-1,-1.22465e-16)
(21.0479,13.1739) 2 2 0 (-1,-1.22465e-16)
(6.26582,-4.14442) 2 2 0 (-1,-1.22465e-16)
(6.26582,4.14442) 2 2 0 (-1,-1.22465e-16)
(21.0479,-13.1739) 2 2 0 (-1,-1.22465e-16)
(-0.718322,-0.580274) 2 2 0 (-1,-1.22465e-16)
(5.40461,-42.3903) 2 2 0 (-1,-1.22465e-16)
(82,0) 2 4 0 (-1,-1.22465e-16)
(80,0) 2 4 0 (-1,-1.22465e-16)
(18,0) 2 4 0 (-1,-1.22465e-16)
(0,0) 2 4 0 (-1,-1.22465e-16)
(-10,-8) 2 4 0 (-1,-1.22465e-16)
(11.3137,22.6274) 2 4 0 (-1,-1.22465e-16)
(-10.6569,15.3137) 2 4 0 (-1,-1.22465e-16)
(0.656854,-7.31371) 2 4 0 (-1,-1.22465e-16)
(5.40461,42.3903) 2 4 0 (-1,-1.22465e-16)
(-0.718322,0.580274) 2 4 0 (-1,-1.22465e-16)
(21.0479,13.1739) 2 4 0 (-1,-1.22465e-16)
(6.26582,-4.14442) 2 4 0 (-1,-1.22465e-16)
(6.26582,4.14442) 2 4 0 (-1,-1.22465e-16)
(21.0479,-13.1739) 2 4 0 (-1,-1.22465e-16)
(-0.718322,-0.580274) 2 4 0 (-1,-1.22465e-16)
(5.40461,-42.3903) 2 4 0 (-1,-1.22465e-16)
(82,0) 2 6 0 (-1,-1.22465e-16)
(80,0) 2 6 0 (-1,-1.22465e-16)
(18,0) 2 6 0 (-1,-1.22465e-16)
(0,0) 2 6 0 (-1,-1.22465e-16)
(-10,-8) 2 6 0 (-1,-1.22465e-16)
(11.3137,22.6274) 2 6 0 (-1,-1.22465e-16)
(-10,8) 2 6 0 (-1,-1.22465e-16)
(-11.3137,22.6274) 2 6 0 (-1,-1.22465e-16)
(5.40461,42.3903) 2 6 0 (-1,-1.22465e-16)
(-0.718322,0.580274) 2 6 0 (-1,-1.22465e-16)
(21.0479,13.1739) 2 6 0 (-1,-1.22465e-16)
(6.26582,-4.14442) 2 6 0 (-1,-1.22465e-16)
(6.26582,4.14442) 2 6 0 (-1,-1.22465e-16)
(21.0479,-13.1739) 2 6 0 (-1,-1.22465e-16)
(-0.718322,-0.580274) 2 6 0 (-1,-1.22465e-16)
(5.40461,-42.3903) 2 6 0 (-1,-1.22465e-16)
(82,0) 2 8 0 (-1,-1.22465e-16)
(80,0) 2 8 0 (-1,-1.22465e-16)
(18,0) 2 8 0 (-1,-1.22465e-16)
(0,0) 2 8 0 (-1,-1.22465e-16)
(-10,-8) 2 8 0 (-1,-1.22465e-16)
(11.3137,22.6274) 2 8 0 (-1,-1.22465e-16)
(-10,8) 2 8 0 (-1,-1.22465e-16)
(-11.3137,22.6274) 2 8 0 (-1,-1.22465e-16)
(4.68629,42.9706) 2 8 0 (-1,-1.22465e-16)
(6.12293,41.81) 2 8 0 (-1,-1.22465e-16)
(21.0479,13.1739) 2 8 0 (-1,-1.22465e-16)
(6.26582,-4.14442) 2 8 0 (-1,-1.22465e-16)
(6.26582,4.14442) 2 8 0 (-1,-1.22465e-16)
(21.0479,-13.1739) 2 8 0 (-1,-1.22465e-16)
(-0.718322,-0.580274) 2 8 0 (-1,-1.22465e-16)
(5.40461,-42.3903) 2 8 0 (-1,-1.22465e-16)
(82,0) 2 10 0 (-1,-1.22465e-16)
(80,0) 2 10 0 (-1,-1.22465e-16)
(18,0) 2 10 0 (-1,-1.22465e-16)
(0,0) 2 10 0 (-1,-1.22465e-16)
(-10,-8) 2 10 0 (-1,-1.22465e-16)
(11.3137,22.6274) 2 10 0 (-1,-1.22465e-16)
(-10,8) 2 10 0 (-1,-1.22465e-16)
(-11.3137,22.6274) 2 10 0 (-1,-1.22465e-16)
(4.68629,42.9706) 2 10 0 (-1,-1.22465e-16)
(6.12293,41.81) 2 10 0 (-1,-1.22465e-16)
(27.3137,9.02944) 2 10 0 (-1,-1.22465e-16)
(14.7821,17.3183) 2 10 0 (-1,-1.22465e-16)
(6.26582,4.14442) 2 10 0 (-1,-1.22465e-16)
(21.0479,-13.1739) 2 10 0 (-1,-1.22465e-16)
(-0.718322,-0.580274) 2 10 0 (-1,-1.22465e-16)
(5.40461,-42.3903) 2 10 0 (-1,-1.22465e-16)
(82,0) 2 12 0 (-1,-1.22465e-16)
(80,0) 2 12 0 (-1,-1.22465e-16)
(18,0) 2 12 0 (-1,-1.22465e-16)
(0,0) 2 12 0 (-1,-1.22465e-16)
(-10,-8) 2 12 0 (-1,-1.22465e-16)
(11.3137,22.6274) 2 12 0 (-1,-1.22465e-16)
(-10,8) 2 12 0 (-1,-1.22465e-16)
(-11.3137,22.6274) 2 12 0 (-1,-1.22465e-16)
(4.68629,42.9706) 2 12 0 (-1,-1.22465e-16)
(6.12293,41.81) 2 12 0 (-1,-1.22465e-16)
(27.3137,9.02944) 2 12 0 (-1,-1.22465e-16)
(14.7821,17.3183) 2 12 0 (-1,-1.22465e-16)
(27.3137,-9.02944) 2 12 0 (-1,-1.22465e-16)
(-14.7821,17.3183) 2 12 0 (-1,-1.22465e-16)
(-0.718322,-0.580274) 2 12 0 (-1,-1.22465e-16)
(5.40461,-42.3903) 2 12 0 (-1,-1.22465e-16)
(82,0) 2 14 0 (-1,-1.22465e-16)
(80,0) 2 14 0 (-1,-1.22465e-16)
(18,0) 2 14 0 (-1,-1.22465e-16)
(0,0) 2 14 0 (-1,-1.22465e-16)
(-10,-8) 2 14 0 (-1,-1.22465e-16)
(11.3137,22.6274) 2 14 0 (-1,-1.22465e-16)
(-10,8) 2 14 0 (-1,-1.22465e-16)
(-11.3137,22.6274) 2 14 0 (-1,-1.22465e-16)
(4.68629,42.9706) 2 14 0 (-1,-1.22465e-16)
(6.12293,41.81) 2 14 0 (-1,-1.22465e-16)
(27.3137,9.02944) 2 14 0 (-1,-1.22465e-16)
(14.7821,17.3183) 2 14 0 (-1,-1.22465e-16)
(27.3137,-9.02944) 2 14 0 (-1,-1.22465e-16)
(-14.7821,17.3183) 2 14 0 (-1,-1.22465e-16)
(4.68629,-42.9706) 2 14 0 (-1,-1.22465e-16)
(-6.12293,41.81) 2 14 0 (-1,-1.22465e-16)
(100,0) 4 0 0 (6.12323e-17,-1)
(80,0) 4 0 0 (6.12323e-17,-1)
(64,0) 4 0 0 (6.12323e-17,-1)
(0,0) 4 0 0 (6.12323e-17,-1)
(-10,-8) 4 0 0 (6.12323e-17,-1)
(11.3137,22.6274) 4 0 0 (6.12323e-17,-1)
(-10,8) 4 0 0 (6.12323e-17,-1)
(-11.3137,22.6274) 4 0 0 (6.12323e-17,-1)
(4.68629,42.9706) 4 0 0 (6.12323e-17,-1)
(6.12293,41.81) 4 0 0 (6.12323e-17,-1)
(27.3137,9.02944) 4 0 0 (6.12323e-17,-1)
(14.7821,17.3183) 4 0 0 (6.12323e-17,-1)
(27.3137,-9.02944) 4 0 0 (6.12323e-17,-1)
(-14.7821,17.3183) 4 0 0 (6.12323e-17,-1)
(4.68629,-42.9706) 4 0 0 (6.12323e-17,-1)
(-6.12293,41.81) 4 0 0 (6.12323e-17,-1)
(100,0) 4 0 1 (-1,-1.22465e-16)
(80,0) 4 0 1 (-1,-1.22465e-16)
(64,0) 4 0 1 (-1,-1.22465e-16)
(80,0) 4 0 1 (-1,-1.22465e-16)
(-10,-8) 4 0 1 (-1,-1.22465e-16)
(11.3137,22.6274) 4 0 1 (-1,-1.22465e-16)
(-10,8) 4 0 1 (-1,-1.22465e-16)
(-11.3137,22.6274) 4 0 1 (-1,-1.22465e-16)
(4.68629,42.9706) 4 0 1 (-1,-1.22465e-16)
(6.12293,41.81) 4 0 1 (-1,-1.22465e-16)
(27.3137,9.02944) 4 0 1 (-1,-1.22465e-16)
(14.7821,17.3183) 4 0 1 (-1,-1.22465e-16)
(27.3137,-9.02944) 4 0 1 (-1,-1.22465e-16)
(-14.7821,17.3183) 4 0 1 (-1,-1.22465e-16)
(4.68629,-42.9706) 4 0 1 (-1,-1.22465e-16)
(-6.12293,41.81) 4 0 1 (-1,-1.22465e-16)
(100,0) 4 4 0 (6.12323e-17,-1)
(80,0) 4 4 0 (6.12323e-17,-1)
(64,0) 4 4 0 (6.12323e-17,-1)
(80,0) 4 4 0 (6.12323e-17,-1)
(-20,-8.88178e-16) 4 4 0 (6.12323e-17,-1)
(11.3137,22.6274) 4 4 0 (6.12323e-17,-1)
(-5.32907e-15,-16) 4 4 0 (6.12323e-17,-1)
(-11.3137,22.6274) 4 4 0 (6.12323e-17,-1)
(4.68629,42.9706) 4 4 0 (6.12323e-17,-1)
(6.12293,41.81) 4 4 0 (6.12323e-17,-1)
(27.3137,9.02944) 4 4 0 (6.12323e-17,-1)
(14.7821,17.3183) 4 4 0 (6.12323e-17,-1)
(27.3137,-9.02944) 4 4 0 (6.12323e-17,-1)
(-14.7821,17.3183) 4 4 0 (6.12323e-17,-1)
(4.68629,-42.9706) 4 4 0 (6.12323e-17,-1)
(-6.12293,41.81) 4 4 0 (6.12323e-17,-1)
(100,0) 4 4 1 (-1,-1.22465e-16)
(80,0) 4 4 1 (-1,-1.22465e-16)
(64,0) 4 4 1 (-1,-1.22465e-16)
(80,0) 4 4 1 (-1,-1.22465e-16)
(-20,-8.88178e-16) 4 4 1 (-1,-1.22465e-16)
(33.9411,33.9411) 4 4 1 (-1,-1.22465e-16)
(-5.32907e-15,-16) 4 4 1 (-1,-1.22465e-16)
(-11.3137,11.3137) 4 4 1 (-1,-1.22465e-16)
(4.68629,42.9706) 4 4 1 (-1,-1.22465e-16)
(6.12293,41.81) 4 4 1 (-1,-1.22465e-16)
(27.3137,9.02944) 4 4 1 (-1,-1.22465e-16)
(14.7821,17.3183) 4 4 1 (-1,-1.22465e-16)
(27.3137,-9.02944) 4 4 1 (-1,-1.22465e-16)
(-14.7821,17.3183) 4 4 1 (-1,-1.22465e-16)
(4.68629,-42.9706) 4 4 1 (-1,-1.22465e-16)
(-6.12293,41.81) 4 4 1 (-1,-1.22465e-16)
(100,0) 4 8 0 (6.12323e-17,-1)
(80,0) 4 8 0 (6.12323e-17,-1)
(64,0) 4 8 0 (6.12323e-17,-1)
(80,0) 4 8 0 (6.12323e-17,-1)
(-20,-8.88178e-16) 4 8 0 (6.12323e-17,-1)
(33.9411,33.9411) 4 8 0 (6.12323e-17,-1)
(-5.32907e-15,-16) 4 8 0 (6.12323e-17,-1)
(-11.3137,11.3137) 4 8 0 (6.12323e-17,-1)
(32,52) 4 8 0 (6.12323e-17,-1)
(6.12293,41.81) 4 8 0 (6.12323e-17,-1)
(-22.6274,33.9411) 4 8 0 (6.12323e-17,-1)
(14.7821,17.3183) 4 8 0 (6.12323e-17,-1)
(27.3137,-9.02944) 4 8 0 (6.12323e-17,-1)
(-14.7821,17.3183) 4 8 0 (6.12323e-17,-1)
(4.68629,-42.9706) 4 8 0 (6.12323e-17,-1)
(-6.12293,41.81) 4 8 0 (6.12323e-17,-1)
(100,0) 4 8 1 (-1,-1.22465e-16)
(80,0) 4 8 1 (-1,-1.22465e-16)
(64,0) 4 8 1 (-1,-1.22465e-16)
(80,0) 4 8 1 (-1,-1.22465e-16)
(-20,-8.88178e-16) 4 8 1 (-1,-1.22465e-16)
(33.9411,33.9411) 4 8 1 (-1,-1.22465e-16)
(-5.32907e-15,-16) 4 8 1 (-1,-1.22465e-16)
(-11.3137,11.3137) 4 8 1 (-1,-1.22465e-16)
(32,52) 4 8 1 (-1,-1.22465e-16)
(23.4412,27.0279) 4 8 1 (-1,-1.22465e-16)
(-22.6274,33.9411) 4 8 1 (-1,-1.22465e-16)
(-11.1953,56.5921) 4 8 1 (-1,-1.22465e-16)
(27.3137,-9.02944) 4 8 1 (-1,-1.22465e-16)
(-14.7821,17.3183) 4 8 1 (-1,-1.22465e-16)
(4.68629,-42.9706) 4 8 1 (-1,-1.22465e-16)
(-6.12293,41.81) 4 8 1 (-1,-1.22465e-16)
(100,0) 4 12 0 (6.12323e-17,-1)
(80,0) 4 12 0 (6.12323e-17,-1)
(64,0) 4 12 0 (6.12323e-17,-1)
(80,0) 4 12 0 (6.12323e-17,-1)
(-20,-8.88178e-16) 4 12 0 (6.12323e-17,-1)
(33.9411,33.9411) 4 12 0 (6.12323e-17,-1)
(-5.32907e-15,-16) 4 12 0 (6.12323e-17,-1)
(-11.3137,11.3137) 4 12 0 (6.12323e-17,-1)
(32,52) 4 12 0 (6.12323e-17,-1)
(23.4412,27.0279) 4 12 0 (6.12323e-17,-1)
(-22.6274,33.9411) 4 12 0 (6.12323e-17,-1)
(-11.1953,56.5921) 4 12 0 (6.12323e-17,-1)
(32,-52) 4 12 0 (6.12323e-17,-1)
(-14.7821,17.3183) 4 12 0 (6.12323e-17,-1)
(22.6274,33.9411) 4 12 0 (6.12323e-17,-1)
(-6.12293,41.81) 4 12 0 (6.12323e-17,-1)
(100,0) 4 12 1 (-1,-1.22465e-16)
(80,0) 4 12 1 (-1,-1.22465e-16)
(64,0) 4 12 1 (-1,-1.22465e-16)
(80,0) 4 12 1 (-1,-1.22465e-16)
(-20,-8.88178e-16) 4 12 1 (-1,-1.22465e-16)
(33.9411,33.9411) 4 12 1 (-1,-1.22465e-16)
(-5.32907e-15,-16) 4 12 1 (-1,-1.22465e-16)
(-11.3137,11.3137) 4 12 1 (-1,-1.22465e-16)
(32,52) 4 12 1 (-1,-1.22465e-16)
(23.4412,27.0279) 4 12 1 (-1,-1.22465e-16)
(-22.6274,33.9411) 4 12 1 (-1,-1.22465e-16)
(-11.1953,56.5921) 4 12 1 (-1,-1.22465e-16)
(32,-52) 4 12 1 (-1,-1.22465e-16)
(27.0279,23.4412) 4 12 1 (-1,-1.22465e-16)
(22.6274,33.9411) 4 12 1 (-1,-1.22465e-16)
(-56.5921,11.1953) 4 12 1 (-1,-1.22465e-16)
(80,-8.88178e-16) 8 0 0 (0.707107,-0.707107)
(80,0) 8 0 0 (0.707107,-0.707107)
(64,0) 8 0 0 (0.707107,-0.707107)
(80,0) 8 0 0 (0.707107,-0.707107)
(120,8.88178e-16) 8 0 0 (0.707107,-0.707107)
(33.9411,33.9411) 8 0 0 (0.707107,-0.707107)
(-5.32907e-15,-16) 8 0 0 (0.707107,-0.707107)
(-11.3137,11.3137) 8 0 0 (0.707107,-0.707107)
(32,52) 8 0 0 (0.707107,-0.707107)
(23.4412,27.0279) 8 0 0 (0.707107,-0.707107)
(-22.6274,33.9411) 8 0 0 (0.707107,-0.707107)
(-11.1953,56.5921) 8 0 0 (0.707107,-0.707107)
(32,-52) 8 0 0 (0.707107,-0.707107)
(27.0279,23.4412) 8 0 0 (0.707107,-0.707107)
(22.6274,33.9411) 8 0 0 (0.707107,-0.707107)
(-56.5921,11.1953) 8 0 0 (0.707107,-0.707107)
(80,-8.88178e-16) 8 0 1 (2.22045e-16,-1)
(128,3.55271e-15) 8 0 1 (2.22045e-16,-1)
(64,0) 8 0 1 (2.22045e-16,-1)
(80,0) 8 0 1 (2.22045e-16,-1)
(120,8.88178e-16) 8 0 1 (2.22045e-16,-1)
(32,-3.55271e-15) 8 0 1 (2.22045e-16,-1)
(-5.32907e-15,-16) 8 0 1 (2.22045e-16,-1)
(-11.3137,11.3137) 8 0 1 (2.22045e-16,-1)
(32,52) 8 0 1 (2.22045e-16,-1)
(23.4412,27.0279) 8 0 1 (2.22045e-16,-1)
(-22.6274,33.9411) 8 0 1 (2.22045e-16,-1)
(-11.1953,56.5921) 8 0 1 (2.22045e-16,-1)
(32,-52) 8 0 1 (2.22045e-16,-1)
(27.0279,23.4412) 8 0 1 (2.22045e-16,-1)
(22.6274,33.9411) 8 0 1 (2.22045e-16,-1)
(-56.5921,11.1953) 8 0 1 (2.22045e-16,-1)
(80,-8.88178e-16) 8 0 2 (-0.707107,-0.707107)
(128,3.55271e-15) 8 0 2 (-0.707107,-0.707107)
(48,1.77636e-15) 8 0 2 (-0.707107,-0.707107)
(80,0) 8 0 2 (-0.707107,-0.707107)
(120,8.88178e-16) 8 0 2 (-0.707107,-0.707107)
(32,-3.55271e-15) 8 0 2 (-0.707107,-0.707107)
(80,-1.77636e-15) 8 0 2 (-0.707107,-0.707107)
(-11.3137,11.3137) 8 0 2 (-0.707107,-0.707107)
(32,52) 8 0 2 (-0.707107,-0.707107)
(23.4412,27.0279) 8 0 2 (-0.707107,-0.707107)
(-22.6274,33.9411) 8 0 2 (-0.707107,-0.707107)
(-11.1953,56.5921) 8 0 2 (-0.707107,-0.707107)
(32,-52) 8 0 2 (-0.707107,-0.707107)
(27.0279,23.4412) 8 0 2 (-0.707107,-0.707107)
(22.6274,33.9411) 8 0 2 (-0.707107,-0.707107)
(-56.5921,11.1953) 8 0 2 (-0.707107,-0.707107)
(80,-8.88178e-16) 8 0 3 (-1,-2.77556e-16)
(128,3.55271e-15) 8 0 3 (-1,-2.77556e-16)
(48,1.77636e-15) 8 0 3 (-1,-2.77556e-16)
(96,3.55271e-15) 8 0 3 (-1,-2.77556e-16)
(120,8.88178e-16) 8 0 3 (-1,-2.77556e-16)
(32,-3.55271e-15) 8 0 3 (-1,-2.77556e-16)
(80,-1.77636e-15) 8 0 3 (-1,-2.77556e-16)
(64,-3.55271e-15) 8 0 3 (-1,-2.77556e-16)
(32,52) 8 0 3 (-1,-2.77556e-16)
(23.4412,27.0279) 8 0 3 (-1,-2.77556e-16)
(-22.6274,33.9411) 8 0 3 (-1,-2.77556e-16)
(-11.1953,56.5921) 8 0 3 (-1,-2.77556e-16)
(32,-52) 8 0 3 (-1,-2.77556e-16)
(27.0279,23.4412) 8 0 3 (-1,-2.77556e-16)
(22.6274,33.9411) 8 0 3 (-1,-2.77556e-16)
(-56.5921,11.1953) 8 0 3 (-1,-2.77556e-16)
(80,-8.88178e-16) 8 8 0 (0.707107,-0.707107)
(128,3.55271e-15) 8 8 0 (0.707107,-0.707107)
(48,1.77636e-15) 8 8 0 (0.707107,-0.707107)
(96,3.55271e-15) 8 8 0 (0.707107,-0.707107)
(120,8.88178e-16) 8 8 0 (0.707107,-0.707107)
(32,-3.55271e-15) 8 8 0 (0.707107,-0.707107)
(80,-1.77636e-15) 8 8 0 (0.707107,-0.707107)
(64,-3.55271e-15) 8 8 0 (0.707107,-0.707107)
(64,-1.42109e-14) 8 8 0 (0.707107,-0.707107)
(23.4412,27.0279) 8 8 0 (0.707107,-0.707107)
(-22.6274,33.9411) 8 8 0 (0.707107,-0.707107)
(-11.1953,56.5921) 8 8 0 (0.707107,-0.707107)
(-2.13163e-14,104) 8 8 0 (0.707107,-0.707107)
(27.0279,23.4412) 8 8 0 (0.707107,-0.707107)
(22.6274,33.9411) 8 8 0 (0.707107,-0.707107)
(-56.5921,11.1953) 8 8 0 (0.707107,-0.707107)
(80,-8.88178e-16) 8 8 1 (2.22045e-16,-1)
(128,3.55271e-15) 8 8 1 (2.22045e-16,-1)
(48,1.77636e-15) 8 8 1 (2.22045e-16,-1)
(96,3.55271e-15) 8 8 1 (2.22045e-16,-1)
(120,8.88178e-16) 8 8 1 (2.22045e-16,-1)
(32,-3.55271e-15) 8 8 1 (2.22045e-16,-1)
(80,-1.77636e-15) 8 8 1 (2.22045e-16,-1)
(64,-3.55271e-15) 8 8 1 (2.22045e-16,-1)
(64,-1.42109e-14) 8 8 1 (2.22045e-16,-1)
(59.1283,24.4917) 8 8 1 (2.22045e-16,-1)
(-22.6274,33.9411) 8 8 1 (2.22045e-16,-1)
(-11.1953,56.5921) 8 8 1 (2.22045e-16,-1)
(-2.13163e-14,104) 8 8 1 (2.22045e-16,-1)
(-12.2459,29.5641) 8 8 1 (2.22045e-16,-1)
(22.6274,33.9411) 8 8 1 (2.22045e-16,-1)
(-56.5921,11.1953) 8 8 1 (2.22045e-16,-1)
(80,-8.88178e-16) 8 8 2 (-0.707107,-0.707107)
(128,3.55271e-15) 8 8 2 (-0.707107,-0.707107)
(48,1.77636e-15) 8 8 2 (-0.707107,-0.707107)
(96,3.55271e-15) 8 8 2 (-0.707107,-0.707107)
(120,8.88178e-16) 8 8 2 (-0.707107,-0.707107)
(32,-3.55271e-15) 8 8 2 (-0.707107,-0.707107)
(80,-1.77636e-15) 8 8 2 (-0.707107,-0.707107)
(64,-3.55271e-15) 8 8 2 (-0.707107,-0.707107)
(64,-1.42109e-14) 8 8 2 (-0.707107,-0.707107)
(59.1283,24.4917) 8 8 2 (-0.707107,-0.707107)
(11.3137,11.3137) 8 8 2 (-0.707107,-0.707107)
(-11.1953,56.5921) 8 8 2 (-0.707107,-0.707107)
(-2.13163e-14,104) 8 8 2 (-0.707107,-0.707107)
(-12.2459,29.5641) 8 8 2 (-0.707107,-0.707107)
(-56.5685,56.5685) 8 8 2 (-0.707107,-0.707107)
(-56.5921,11.1953) 8 8 2 (-0.707107,-0.707107)
(80,-8.88178e-16) 8 8 3 (-1,-2.77556e-16)
(128,3.55271e-15) 8 8 3 (-1,-2.77556e-16)
(48,1.77636e-15) 8 8 3 (-1,-2.77556e-16)
(96,3.55271e-15) 8 8 3 (-1,-2.77556e-16)
(120,8.88178e-16) 8 8 3 (-1,-2.77556e-16)
(32,-3.55271e-15) 8 8 3 (-1,-2.77556e-16)
(80,-1.77636e-15) 8 8 3 (-1,-2.77556e-16)
(64,-3.55271e-15) 8 8 3 (-1,-2.77556e-16)
(64,-1.42109e-14) 8 8 3 (-1,-2.77556e-16)
(59.1283,24.4917) 8 8 3 (-1,-2.77556e-16)
(11.3137,11.3137) 8 8 3 (-1,-2.77556e-16)
(36.7376,88.6924) 8 8 3 (-1,-2.77556e-16)
(-2.13163e-14,104) 8 8 3 (-1,-2.77556e-16)
(-12.2459,29.5641) 8 8 3 (-1,-2.77556e-16)
(-56.5685,56.5685) 8 8 3 (-1,-2.77556e-16)
(-59.1283,24.4917) 8 8 3 (-1,-2.77556e-16)
(144,-1.5099e-14) 16 0 0 (0.92388,-0.382683)
(128,3.55271e-15) 16 0 0 (0.92388,-0.382683)
(48,1.77636e-15) 16 0 0 (0.92388,-0.382683)
(96,3.55271e-15) 16 0 0 (0.92388,-0.382683)
(120,8.88178e-16) 16 0 0 (0.92388,-0.382683)
(32,-3.55271e-15) 16 0 0 (0.92388,-0.382683)
(80,-1.77636e-15) 16 0 0 (0.92388,-0.382683)
(64,-3.55271e-15) 16 0 0 (0.92388,-0.382683)
(16,1.33227e-14) 16 0 0 (0.92388,-0.382683)
(59.1283,24.4917) 16 0 0 (0.92388,-0.382683)
(11.3137,11.3137) 16 0 0 (0.92388,-0.382683)
(36.7376,88.6924) 16 0 0 (0.92388,-0.382683)
(-2.13163e-14,104) 16 0 0 (0.92388,-0.382683)
(-12.2459,29.5641) 16 0 0 (0.92388,-0.382683)
(-56.5685,56.5685) 16 0 0 (0.92388,-0.382683)
(-59.1283,24.4917) 16 0 0 (0.92388,-0.382683)
(144,-1.5099e-14) 16 0 1 (0.707107,-0.707107)
(192,3.55271e-14) 16 0 1 (0.707107,-0.707107)
(48,1.77636e-15) 16 0 1 (0.707107,-0.707107)
(96,3.55271e-15) 16 0 1 (0.707107,-0.707107)
(120,8.88178e-16) 16 0 1 (0.707107,-0.707107)
(32,-3.55271e-15) 16 0 1 (0.707107,-0.707107)
(80,-1.77636e-15) 16 0 1 (0.707107,-0.707107)
(64,-3.55271e-15) 16 0 1 (0.707107,-0.707107)
(16,1.33227e-14) 16 0 1 (0.707107,-0.707107)
(64,-2.84217e-14) 16 0 1 (0.707107,-0.707107)
(11.3137,11.3137) 16 0 1 (0.707107,-0.707107)
(36.7376,88.6924) 16 0 1 (0.707107,-0.707107)
(-2.13163e-14,104) 16 0 1 (0.707107,-0.707107)
(-12.2459,29.5641) 16 0 1 (0.707107,-0.707107)
(-56.5685,56.5685) 16 0 1 (0.707107,-0.707107)
(-59.1283,24.4917) 16 0 1 (0.707107,-0.707107)
(144,-1.5099e-14) 16 0 2 (0.382683,-0.92388)
(192,3.55271e-14) 16 0 2 (0.382683,-0.92388)
(64,-9.76996e-15) 16 0 2 (0.382683,-0.92388)
(96,3.55271e-15) 16 0 2 (0.382683,-0.92388)
(120,8.88178e-16) 16 0 2 (0.382683,-0.92388)
(32,-3.55271e-15) 16 0 2 (0.382683,-0.92388)
(80,-1.77636e-15) 16 0 2 (0.382683,-0.92388)
(64,-3.55271e-15) 16 0 2 (0.382683,-0.92388)
(16,1.33227e-14) 16 0 2 (0.382683,-0.92388)
(64,-2.84217e-14) 16 0 2 (0.382683,-0.92388)
(32,1.33227e-14) 16 0 2 (0.382683,-0.92388)
(36.7376,88.6924) 16 0 2 (0.382683,-0.92388)
(-2.13163e-14,104) 16 0 2 (0.382683,-0.92388)
(-12.2459,29.5641) 16 0 2 (0.382683,-0.92388)
(-56.5685,56.5685) 16 0 2 (0.382683,-0.92388)
(-59.1283,24.4917) 16 0 2 (0.382683,-0.92388)
(144,-1.5099e-14) 16 0 3 (-1.11022e-16,-1)
(192,3.55271e-14) 16 0 3 (-1.11022e-16,-1)
(64,-9.76996e-15) 16 0 3 (-1.11022e-16,-1)
(192,-1.06581e-14) 16 0 3 (-1.11022e-16,-1)
(120,8.88178e-16) 16 0 3 (-1.11022e-16,-1)
(32,-3.55271e-15) 16 0 3 (-1.11022e-16,-1)
(80,-1.77636e-15) 16 0 3 (-1.11022e-16,-1)
(64,-3.55271e-15) 16 0 3 (-1.11022e-16,-1)
(16,1.33227e-14) 16 0 3 (-1.11022e-16,-1)
(64,-2.84217e-14) 16 0 3 (-1.11022e-16,-1)
(32,1.33227e-14) 16 0 3 (-1.11022e-16,-1)
(0,1.77636e-14) 16 0 3 (-1.11022e-16,-1)
(-2.13163e-14,104) 16 0 3 (-1.11022e-16,-1)
(-12.2459,29.5641) 16 0 3 (-1.11022e-16,-1)
(-56.5685,56.5685) 16 0 3 (-1.11022e-16,-1)
(-59.1283,24.4917) 16 0 3 (-1.11022e-16,-1)
(144,-1.5099e-14) 16 0 4 (-0.382683,-0.92388)
(192,3.55271e-14) 16 0 4 (-0.382683,-0.92388)
(64,-9.76996e-15) 16 0 4 (-0.382683,-0.92388)
(192,-1.06581e-14) 16 0 4 (-0.382683,-0.92388)
(224,1.06581e-14) 16 0 4 (-0.382683,-0.92388)
(32,-3.55271e-15) 16 0 4 (-0.382683,-0.92388)
(80,-1.77636e-15) 16 0 4 (-0.382683,-0.92388)
(64,-3.55271e-15) 16 0 4 (-0.382683,-0.92388)
(16,1.33227e-14) 16 0 4 (-0.382683,-0.92388)
(64,-2.84217e-14) 16 0 4 (-0.382683,-0.92388)
(32,1.33227e-14) 16 0 4 (-0.382683,-0.92388)
(0,1.77636e-14) 16 0 4 (-0.382683,-0.92388)
(16,-8.88178e-15) 16 0 4 (-0.382683,-0.92388)
(-12.2459,29.5641) 16 0 4 (-0.382683,-0.92388)
(-56.5685,56.5685) 16 0 4 (-0.382683,-0.92388)
(-59.1283,24.4917) 16 0 4 (-0.382683,-0.92388)
(144,-1.5099e-14) 16 0 5 (-0.707107,-0.707107)
(192,3.55271e-14) 16 0 5 (-0.707107,-0.707107)
(64,-9.76996e-15) 16 0 5 (-0.707107,-0.707107)
(192,-1.06581e-14) 16 0 5 (-0.707107,-0.707107)
(224,1.06581e-14) 16 0 5 (-0.707107,-0.707107)
(64,-3.55271e-15) 16 0 5 (-0.707107,-0.707107)
(80,-1.77636e-15) 16 0 5 (-0.707107,-0.707107)
(64,-3.55271e-15) 16 0 5 (-0.707107,-0.707107)
(16,1.33227e-14) 16 0 5 (-0.707107,-0.707107)
(64,-2.84217e-14) 16 0 5 (-0.707107,-0.707107)
(32,1.33227e-14) 16 0 5 (-0.707107,-0.707107)
(0,1.77636e-14) 16 0 5 (-0.707107,-0.707107)
(16,-8.88178e-15) 16 0 5 (-0.707107,-0.707107)
(-1.42109e-14,-3.55271e-15) 16 0 5 (-0.707107,-0.707107)
(-56.5685,56.5685) 16 0 5 (-0.707107,-0.707107)
(-59.1283,24.4917) 16 0 5 (-0.707107,-0.707107)
(144,-1.5099e-14) 16 0 6 (-0.92388,-0.382683)
(192,3.55271e-14) 16 0 6 (-0.92388,-0.382683)
(64,-9.76996e-15) 16 0 6 (-0.92388,-0.382683)
(192,-1.06581e-14) 16 0 6 (-0.92388,-0.382683)
(224,1.06581e-14) 16 0 6 (-0.92388,-0.382683)
(64,-3.55271e-15) 16 0 6 (-0.92388,-0.382683)
(160,-1.59872e-14) 16 0 6 (-0.92388,-0.382683)
(64,-3.55271e-15) 16 0 6 (-0.92388,-0.382683)
(16,1.33227e-14) 16 0 6 (-0.92388,-0.382683)
(64,-2.84217e-14) 16 0 6 (-0.92388,-0.382683)
(32,1.33227e-14) 16 0 6 (-0.92388,-0.382683)
(0,1.77636e-14) 16 0 6 (-0.92388,-0.382683)
(16,-8.88178e-15) 16 0 6 (-0.92388,-0.382683)
(-1.42109e-14,-3.55271e-15) 16 0 6 (-0.92388,-0.382683)
(-2.84217e-14,1.24345e-14) 16 0 6 (-0.92388,-0.382683)
(-59.1283,24.4917) 16 0 6 (-0.92388,-0.382683)
(144,-1.5099e-14) 16 0 7 (-1,1.66533e-16)
(192,3.55271e-14) 16 0 7 (-1,1.66533e-16)
(64,-9.76996e-15) 16 0 7 (-1,1.66533e-16)
(192,-1.06581e-14) 16 0 7 (-1,1.66533e-16)
(224,1.06581e-14) 16 0 7 (-1,1.66533e-16)
(64,-3.55271e-15) 16 0 7 (-1,1.66533e-16)
(160,-1.59872e-14) 16 0 7 (-1,1.66533e-16)
(128,0) 16 0 7 (-1,1.66533e-16)
(16,1.33227e-14) 16 0 7 (-1,1.66533e-16)
(64,-2.84217e-14) 16 0 7 (-1,1.66533e-16)
(32,1.33227e-14) 16 0 7 (-1,1.66533e-16)
(0,1.77636e-14) 16 0 7 (-1,1.66533e-16)
(16,-8.88178e-15) 16 0 7 (-1,1.66533e-16)
(-1.42109e-14,-3.55271e-15) 16 0 7 (-1,1.66533e-16)
(-2.84217e-14,1.24345e-14) 16 0 7 (-1,1.66533e-16)
(-1.42109e-14,-7.10543e-15) 16 0 7 (-1,1.66533e-16)

dualPrime:
0	(9,-9.4369e-16)
1	(12,2.22045e-15)
2	(4,-6.10623e-16)
3	(12,-6.66134e-16)
4	(14,6.66134e-16)
5	(4,-2.22045e-16)
6	(10,-9.99201e-16)
7	(8,0)
8	(1,8.32667e-16)
9	(4,-1.77636e-15)
10	(2,8.32667e-16)
11	(0,1.11022e-15)
12	(1,-5.55112e-16)
13	(-8.88178e-16,-2.22045e-16)
14	(-1.77636e-15,7.77156e-16)
15	(-8.88178e-16,-4.44089e-16)
