100
3 54
19 41
8 62
37 10
44 35
29 53
27 80
36 62
13 58
37 41
48 84
21 10
20 26
6 81
36 31
12 97
29 65
40 64
33 37
15 67
49 12
16 30
3 53
48 7
15 97
19 73
35 71
39 73
14 67
33 40
43 72
43 30
15 82
42 31
40 13
30 71
2 32
18 52
32 38
6 91
45 89
1 59
27 69
44 1
48 44
12 19
29 24
19 1
1 87
43 59
33 25
38 93
37 17
17 40
23 78
29 7
37 77
38 24
2 75
39 26
47 73
7 65
27 12
26 85
39 84
34 37
27 4
30 20
47 48
19 89
1 88
46 67
31 73
9 47
26 98
15 39
3 68
7 81
23 88
41 86
25 85
48 3
32 17
1 92
24 4
42 76
17 13
2 28
9 37
9 82
31 17
28 92
43 48
29 66
25 42
7 44
39 46
10 39
13 53
32 69
