20
14 26 137
256 269 447 90
4 380 154 271
229 324 441 276
56 221 444 331
105 138 245 253
94 279 314 169
351 333 191 395
309 475 88 328
141 176 371 177
262 170 210 402
496 347 312 357
253 355 420 161
218 265 479 375
304 281 388 220
392 159 217 464
1 22 367 48
477 397 127 366
69 236 466 450
290 453 257 214
155 498 119 276
58 165 208 242
361 15 461 464
15 371 380 379
118 458 447 60
480 145 394 247
95 264 217 53
420 160 47 25
435 357 114 243
121 468 160 138
477 440 243 421
359 359 361 83
299 454 375 181
220 244 315 253
440 96 461 497
5 379 24 329
82 89 432 394
59 311 143 291
261 154 426 220
50 413 289 396
248 279 452 162
451 205 108 124
491 429 339 104
150 81 45 469
278 377 247 93
413 40 160 244
129 304 109 106
55 92 76 352
104 362 180 469
20 107 306 203
81 445 478 397
214 4 439 306
391 279 318 199
370 304 110 462
458 201 11 327
336 231 389 465
256 286 229 79
157 343 252 294
354 324 128 446
146 412 416 476
85 21 500 400
64 324 196 204
308 377 137 169
170 128 199 234
82 410 404 254
45 180 395 318
279 307 12 33
237 207 91 8
398 498 175 37
466 31 328 28
177 358 368 6
280 370 129 145
42 379 393 139
487 221 454 362
70 99 15 330
257 367 240 37
2 125 178 469
96 149 121 90
499 223 264 301
407 161 151 27
257 442 302 403
227 300 450 343
429 398 311 91
6 139 18 211
437 259 340 66
206 366 477 352
426 4 32 469
395 390 44 369
59 499 172 216
500 392 222 292
321 362 478 193
148 419 213 482
135 335 228 42
94 357 227 72
154 360 489 299
195 169 169 356
442 253 314 28
203 44 337 299
252 433 410 137
71 445 272 309
15 257 85 18
260 424 15 150
37 409 476 380
160 86 405 7
66 356 64 111
319 420 433 268
110 409 401 473
103 447 202 215
355 455 211 341
429 236 326 270
324 255 202 263
160 377 18 125
432 381 447 202
57 157 373 378
273 466 385 322
75 499 30 1
497 183 124 494
199 361 289 370
329 74 387 379
284 472 314 366
449 349 285 484
85 227 233 302
224 488 228 107
8 158 186 488
87 376 165 15
243 494 147 265
266 291 422 59
253 351 207 24
461 7 99 314
410 468 480 295
146 151 1 465
496 462 454 46
324 153 493 439
486 102 161 42
160 61 75 398
180 325 366 280
261 52 440 427
464 457 475 366
1 18 20
255 177 142 42
416 17 33 73
371 398 424 173
245 327 11 35
101 423 333 329
421 402 249 198
367 103 409 38
480 334 189 368
249 444 460 260
160 146 432 124
143 35 474 78
379 234 481 86
277 369 108 345
470 196 243 80
428 459 98 54
244 30 323 66
484 334 203 399
102 286 272 411
343 166 46 361
222 76 423 2
16 14 13
481 147 493 319
121 124 15 361
225 426 490 210
188 307 25 234
207 490 65 107
97 185 444 499
59 418 486 261
394 296 219 155
372 457 25 86
153 205 206 454
212 155 100 156
229 118 118 394
479 467 411 235
30 7 176
201 158 124 153
305 371 336 289
131 139 54 164
466 110 207 321
143 278 177 259
450 244 411 364
416 155 467 305
34 340 153 478
106 186 400 2
151 405 119 210
409 426 216 322
417 433 92 7
101 442 46 430
288 428 199 182
218 213 267 84
429 315 445 169
314 451 213 88
343 391 103 197
365 136 154 94
293 194 338 101
375 180 476 399
492 217 448 101
267 27 282 403
129 68 268 468
162 204 215 498
168 376 404 224
327 479 31 414
475 500 205 437
334 365 167 437
299 415 202 399
78 285 482 99
442 345 216 449
410 453 128 429
197 227 375 244
289 1 484 457
38 271 468 382
35 328 111 7
181 332 127 250
33 341 337 435
118 350 405 99
468 111 340 336
294 489 344 194
139 231 315 326
485 343 103 294
156 37 262 345
34 316 26 22
108 58 271 335
145 306 80 61
484 111 394 179
277 156 196 266
446 81 94 484
68 198 117 277
312 227 450 226
309 100 481 260
217 98 386 296
388 463 103 313
255 407 386 140
415 20 20 75
402 179 23 499
46 112 357 272
96 270 81 118
241 219 368 126
447 359 381 22
107 31 15 142
486 103 62 125
266 156 206 40
249 64 28 81
288 155 237 121
34 248 168 251
13 217 463 52
32 449 276 421
9 276 41 416
201 365 349 91
424 459 105 335
166 117 40 384
183 443 360 120
180 134 419 347
190 207 142 190
192 472 68 325
39 370 279 22
74 354 398 477
245 226 393 58
189 121 214 69
103 206 112 267
383 184 365 242
309 302 441 225
371 482 158 97
182 227 72 429
333 488 353 263
110 220 292 373
152 223 37 291
305 358 439 101
321 477 439 468
23 165 272 315
433 26 363 37
98 423 191 477
348 169 299 497
204 236 60 26
179 82 176 441
25 310 74 301
397 7 251 146
440 63 175 231
202 70 226 97
89 16 122 45
222 172 283 419
137 221 301 317
55 103 113 291
491 219 446 22
8 81 122 37
302 270 352 482
50 120 69 44
259 192 99 93
113 336 132 473
443 484 36 74
153 186 242 320
139 421 307 406
85 162 255 314
196 418 351 53
366 155 244 301
372 131 47 491
238 157 255 137
352 483 84 126
310 492 162 133
469 353 7 381
96 290 283 128
400 297 284 472
124 169 293 124
385 325 203 89
375 198 24 56
50 133 10 92
240 105 148 355
363 252 251 317
274 266 120 299
397 89 495 260
167 51 136 266
267 300 183 467
285 439 437 236
115 219 199 142
79 72 269 131
185 311 211 424
134 210 41 338
237 67 422 46
4 91 242 391
354 363 100 496
439 68 435 470
489 397 180 135
390 463 71 260
387 125 218 434
427 396 185 254
261 444 81 301
380 56 427 104
139 60 451 343
41 129 388 182
67 376 170 334
354 459 209 5
86 327 360 237
112 325 388 473
309 190 392 451
392 229 64 389
129 58 368 475
436 27 214 402
45 368 7 442
14 200 124 171
160 429 10 364
118 290 31 440
103 281 482 79
256 392 22 398
180 462 320 318
53 48 200 153
456 182 42 421
72 56 42 434
52 202 224 138
126 462 15 343
478 103 144 280
184 311 96 278
396 395 286 199
29 6 74
332 456 137 447
205 494 63 296
85 59 500 118
85 217 241 498
229 414 59 114
268 455 283 399
294 429 459 157
127 387 167 12
354 283 437 50
216 84 448 328
247 256 438 52
423 431 485 457
374 169 210 355
410 114 187 39
235 54 187 55
314 335 459 112
479 109 98 5
236 180 276 422
162 306 153 132
73 314 306 16
314 388 412 276
166 178 31 439
336 327 383 287
350 466 478 67
57 39 179 312
240 121 396 481
144 436 160 53
376 387 41 479
259 465 49 47
334 239 408 73
2 449 243 413
188 363 305 128
352 434 367 22
395 272 307 481
204 317 173 29
454 323 82 381
206 382 359 366
482 12 333 239
217 306 311 219
390 72 271 325
312 367 123 474
205 443 45 234
330 488 331 73
32 148 71 166
340 260 284 76
6 199 269 183
457 2 390 86
231 407 32 350
213 391 384 197
203 123 478 441
292 420 167 274
205 29 225 278
167 262 163 497
156 45 54 119
117 470 155 354
284 115 307 120
164 91 88 241
173 12 137 48
491 464 410 273
234 199 196 342
215 133 9 226
277 244 407 168
233 342 462 196
324 22 36 499
345 39 135 472
161 340 408 112
185 70 160 166
216 334 87 95
467 347 289 211
37 240 23 389
164 289 396 433
462 241 418 249
486 138 424 341
28 388 459 423
20 5 158
292 373 308 300
346 401 340 403
18 45 21 482
15 304 491 274
350 128 396 371
74 492 174 331
222 317 433 97
106 224 490 64
220 66 167 218
322 420 470 38
420 244 161 28
214 75 411 267
280 428 54 233
335 181 475 299
282 204 211 445
313 290 182 473
435 234 354 110
142 16 236 209
253 213 352 447
411 94 8 72
138 478 52 6
357 456 101 299
134 25 465 227
415 423 252 367
65 124 12 272
224 114 344 427
249 307 221 444
297 175 142 108
173 313 253 208
363 490 443 318
474 22 454 146
470 295 134 306
130 102 216 237
403 198 17 162
107 375 322 204
262 417 11 331
398 51 1 377
128 223 220 464
354 186 446 379
92 77 197 287
418 114 188 128
27 151 71 471
147 199 475 388
222 187 42 58
193 455 47 186
69 342 157 251
387 304 25 319
266 454 487 16
481 347 238 64
15 334 269 228
387 91 292 416
372 271 322 434
201 484 343 149
364 404 287 488
234 321 439 478
128 181 153 406
93 322 261 113
427 430 55 192
322 70 491 88
369 113 472 41
387 153 228 175
476 478 408 477
37 259 224 37
305 155 132 489
171 316 123 156
12 407 329 444
63 57 135 17
142 144 398 311
258 413 245 121
170 28 443 190
473 94 428 99
118 114 158 133
33 31 267 223
387 130 193 451
344 290 239 380
169 134 127 69
418 215 335 483
108 88 435 323
77 80 60 175
291 194 10 346
396 455 412 345
472 58 379 79
246 55 300 42
465 119 467 49
430 351 323 173
321 67 473 88
181 23 250 378
123 103 212 497
364 285 66 48
42 338 276 448
189 63 140 423
133 185 203 254
229 97 123 397
53 500 384 471
259 420 122 356
237 305 338 56
4 221 401 306
174 445 227 396
192 377 487 298
227 499 412 386
373 20 91 162
103 195 66 95
363 58 292 442
312 493 420 357
316 367 57 473
368 232 396 428
212 21 483 389
129 141 90 384
393 36 326 442
175 70 247 12
305 310 443 171
57 143 85 227
378 412 491 243
450 481 472 477
480 422 190 303
101 370 186 16
309 7 342 188
153 42 386 320
24 423 415 419
421 104 219 375
74 338 250 8
385 184 299 351
53 475 217 393
71 374 157 458
266 208 412 159
262 36 303 447
489 92 401 469
146 212 480 168
38 178 460 452
394 264 189 199
450 309 212 114
193 60 318 490
238 434 19 427
382 153 449 388
454 387 107 12
24 470 347 480
202 296 31 267
91 436 408 349
365 249 481 206
232 357 498 20
95 133 211 421
326 333 160 70
242 350 333 163
488 470 162 498
240 279 241 458
309 478 462 357
449 480 231 481
148 38 236 376
285 29 213 466
293 319 65 254
320 420 21 407
284 180 399 307
140 483 365 46
471 320 362 140
21 376 307 393
287 236 307 394
479 492 120 430
135 25 334 120
19 13 52
71 404 216 478
76 12 159 50
212 222 338 34
37 239 10 357
305 498 175 491
326 419 314 296
114 117 456 464
484 362 374 96
366 486 24 344
11 18 423 218
116 83 263 390
205 366 119 235
389 292 168 437
173 371 156 417
435 86 268 131
99 470 290 275
490 493 205 118
19 218 473 418
89 329 38 347
99 187 117 252
291 367 333 222
182 180 470 475
427 85 145 338
10 124 476 197
448 381 16 141
225 223 317 439
481 436 471 487
27 287 313 59
271 288 401 330
342 50 375 204
381 224 210 5
124 335 254 108
479 469 132 348
324 202 151 330
167 122 83 358
119 449 425 167
449 311 497 292
25 12 462 375
281 107 30 445
307 87 66 214
276 278 248 267
56 479 417 116
342 204 183 195
331 35 401 351
488 269 62 494
433 358 314 198
429 193 43 79
26 258 341 170
138 280 227 324
160 385 119 463
425 329 449 60
437 277 185 397
25 30 51
205 198 448 196
245 28 204 22
20 62 149 192
129 115 281 137
328 90 245 242
7 309 134 181
206 38 478 476
259 347 107 102
140 361 267 39
273 363 490 390
471 442 453 454
450 118 449 353
101 396 12 23
303 376 362 43
87 285 71 491
396 88 192 396
69 71 272 265
140 488 152 109
430 352 31 53
383 245 225 337
9 364 276 32
8 38 57 137
499 329 272 26
142 236 132 304
167 184 412 243
293 336 373 203
140 50 365 232
43 500 89 173
99 393 433 115
337 53 177 348
151 408 348 389
276 183 406 365
254 392 103 206
462 155 193 119
158 370 385 480
204 359 410 66
265 405 25 454
118 487 431 141
180 301 432 458
38 63 216 13
458 68 4 204
93 243 313 169
28 212 102 167
34 483 83 220
476 426 267 167
314 92 124 45
406 258 46 162
326 411 113 309
405 194 196 203
376 409 290 2
194 443 416 13
30 12 56
356 348 454 367
286 100 394 301
157 81 352 273
468 289 274 158
176 85 181 479
218 362 207 29
148 193 396 78
175 466 427 231
233 48 305 446
284 97 24 129
373 224 109 60
292 326 113 237
155 4 71 138
334 187 419 164
115 360 168 133
146 138 367 75
438 196 456 23
338 500 80 342
140 109 345 10
61 159 184 466
378 448 116 331
431 15 174 223
476 296 249 12
38 296 344 112
369 43 137 190
326 342 324 108
2 316 487 331
465 31 352 324
190 214 210 298
146 264 288 34
111 249 450 431
139 300 460 266
131 111 174 38
157 234 433 381
195 80 325 450
259 448 41 227
439 34 202 317
471 141 315 469
319 192 353 216
440 459 446 11
276 201 205 141
490 345 500 410
367 422 335 462
309 388 27 317
349 43 140 61
311 11 207 189
322 54 296 104
345 5 73 407
60 469 329 373
496 436 13 165
271 59 382 179
307 229 5 461
105 269 399 95
52 195 303 470
284 314 84 104
84 220 470 86
20 30 70
142 488 370 438
451 126 170 494
455 103 390 80
454 34 79 54
5 69 459 310
168 252 153 139
380 111 242 281
492 185 404 122
92 411 70 58
376 256 446 278
6 93 245 193
49 500 141 499
293 161 205 369
57 184 49 287
318 329 209 321
376 112 313 35
216 485 391 499
206 275 148 167
255 14 199 154
403 466 276 22
178 83 385 249
118 368 327 39
328 117 426 420
435 493 324 208
316 25 290 110
116 168 36 280
10 464 138 350
340 65 174 475
442 399 449 319
303 40 91 40
198 308 291 53
146 470 2 74
152 421 322 171
422 405 224 227
148 451 430 395
37 133 436 442
68 277 379 159
484 7 346 462
82 357 300 68
157 200 360 85
166 182 317 428
289 405 376 204
83 163 147 301
217 11 332 418
135 348 283 20
286 137 247 311
228 170 183 206
249 379 304 327
276 37 431 54
150 434 188 162
89 83 123 53
282 424 64 191
123 73 251 478
137 133 12 221
154 142 326 424
392 290 181 131
470 241 355 65
236 294 128 199
52 140 23 333
251 431 482 401
283 262 356 292
144 119 343 104
253 350 198 162
333 188 155 460
83 67 21 482
59 245 344 191
326 65 386 455
89 139 149 216
209 498 120 67
459 388 297 399
26 7 98
218 188 324 488
120 134 152 85
257 157 104 457
16 489 475 461
19 163 224 465
20 262 245 75
406 232 27 292
96 441 105 301
342 274 239 43
59 330 391 443
203 222 330 372
114 92 141 192
420 104 27 74
404 200 121 370
344 157 467 184
352 28 259 30
376 322 8 496
98 122 369 113
118 396 362 491
216 22 415 398
317 307 235 65
368 472 430 30
404 333 266 289
174 3 307 57
323 166 467 438
315 280 201 438
235 44 494 483
388 172 169 320
130 307 114 63
432 235 121 197
132 200 482 34
6 10 148 388
173 221 141 222
226 484 334 23
6 18 467 78
137 188 72 286
250 112 410 175
148 466 451 143
465 308 329 5
398 119 405 472
268 301 405 410
277 126 369 185
292 69 242 327
361 170 47 421
455 69 193 277
158 270 19 298
108 390 51 352
384 153 433 479
25 52 108 71
431 90 82 80
17 396 261 244
289 76 389 166
147 358 294 350
457 366 390 420
118 193 362 29
475 30 396 456
23 237 69 353
245 309 64 17
215 158 267 1
320 435 439 81
39 156 218 401
420 160 257 479
221 25 484 201
227 393 118 197
423 158 236 67
99 430 272 45
389 150 100 20
19 166 94 216
165 367 279 60
117 392 258 313
352 404 412 161
94 244 254 362
169 471 54 478
331 105 282 147
427 385 498 439
373 124 197 308
419 302 177 402
304 384 425 38
409 331 257 10
322 184 107 105
99 114 472 120
71 311 99 397
178 377 63 464
407 65 59 366
475 263 102 406
67 181 179 479
202 164 36 90
477 6 483 125
317 25 344 338
245 188 201 282
408 57 295 292
76 308 8 91
481 164 487 495
147 28 260 379
128 214 222 251
387 137 67 335
347 92 239 297
444 207 38 500
6 11 133
128 213 157 478
101 115 38 202
241 26 50 251
498 359 204 203
396 98 330 137
206 184 24 165
334 425 59 137
500 298 481 292
164 286 410 113
202 445 56 73
227 400 143 24
167 87 432 432
402 49 97 404
473 297 288 346
95 309 369 243
274 28 283 100
336 310 287 327
128 78 103 119
224 330 119 237
495 234 490 3
105 123 440 470
364 436 7 307
287 63 300 162
119 169 35 141
168 129 38 80
256 412 472 4
209 235 349 169
188 70 216 114
499 262 424 453
198 453 320 59
12 165 102 134
40 309 222 211
242 183 412 82
140 4 368 294
202 130 486 186
436 382 206 263
227 384 84 9
291 56 145 277
365 209 93 165
119 489 64 74
299 121 113 260
284 357 402 398
52 315 308 176
323 57 428 40
332 225 428 158
499 27 478 260
305 159 126 13
310 232 17 321
344 2 224 75
459 213 236 182
14 56 488 380
203 430 62 475
235 140 318 197
172 337 80 394
106 418 230 254
67 298 243 419
314 68 206 398
376 442 158 87
59 470 136 166
156 300 113 133
292 392 485 67
386 314 79 102
86 393 207 13
288 80 404 232
63 290 425 193
51 54 104 137
396 420 83 285
267 404 375 438
470 106 28 14
491 152 58 48
32 239 60 200
449 151 289 375
363 385 320 103
257 233 31 78
492 191 111 36
16 179 165 431
197 61 160 426
221 493 279 205
337 344 266 230
458 485 240 454
135 47 444 258
238 27 55 227
418 159 341 307
324 175 490 143
156 92 83 386
160 334 76 122
139 65 361 397
351 460 32 24
308 74 429 479
304 466 293 434
173 365 7 271
479 27 377 203
188 482 87 261
141 464 177 89
422 209 52 247
404 58 125 139
316 436 225 443
66 57 119 266
289 275 171 263
433 134 471 454
33 384 379 446
304 438 403 468
148 302 277 448
316 327 270 97
206 391 82 205
156 500 378 152
265 424 446 484
302 349 47 233
462 80 186 422
54 348 80 344
75 486 362 137
494 17 195 119
249 97 467 452
460 157 437 254
371 124 319 149
272 55 389 128
89 495 370 464
257 324 324 75
312 324 12 237
27 223 187 158
284 298 121 332
222 345 346 366
100 420 160 297
385 177 438 448
132 97 289 267
375 83 325 434
196 374 488 126
416 375 405 471
254 314 409 91
356 314 354 278
127 444 79 145
389 167 70 414
455 418 363 446
3 12 16
426 251 247 403
343 84 347 359
13 174 489 408
460 143 141 118
219 396 415 15
151 316 436 55
44 404 449 191
26 295 425 327
129 59 481 129
218 65 377 110
479 55 334 254
233 256 465 157
431 42 267 89
152 32 116 491
73 489 190 294
313 62 56 130
14 22 196
449 173 269 366
81 365 91 332
290 279 226 129
377 353 280 9
196 185 160 327
43 320 448 367
158 209 97 113
430 362 195 192
362 452 431 201
470 437 174 478
341 307 489 165
250 113 172 498
234 426 335 348
173 480 324 477
410 386 172 288
448 8 147 82
249 238 267 6
16 29 326 420
397 90 190 357
474 333 392 406
310 180 299 320
187 268 356 154
267 414 326 289
310 38 197 482
147 434 28 228
153 77 483 439
471 404 88 26
377 198 286 91
278 195 477 385
369 56 499 111
364 37 10 442
18 359 128 287
348 464 473 202
494 408 212 349
221 222 73 117
45 35 363 456
77 13 170 4
254 190 158 87
35 350 453 446
211 300 247 474
150 493 146 468
227 184 432 128
216 247 189 383
209 207 459 46
116 315 87 186
415 206 32 490
221 15 250 282
137 446 495 100
207 364 439 483
221 185 67 17
348 126 425 105
254 202 346 148
262 253 150 172
214 154 317 478
31 408 261 325
124 460 212 384
14 97 411 215
404 229 162 130
454 90 204 268
460 431 383 405
436 182 172 29
476 261 423 218
443 336 71 10
83 145 475 427
446 183 110 235
235 344 305 284
405 89 184 213
443 127 187 292
65 87 255 321
499 427 182 40
328 160 360 401
234 359 375 391
468 59 159 386
96 215 494 410
309 109 290 282
366 71 346 382
268 411 138 50
17 190 102 400
450 249 178 464
390 448 10 41
26 129 51 9
301 108 432 18
174 257 114 114
379 275 215 397
282 359 190 3
26 86 25 471
287 208 341 265
437 73 189 108
235 346 295 496
51 119 232 191
260 167 366 64
30 143 316 371
493 198 378 273
288 181 401 20
369 379 127 86
198 175 300 111
421 86 68 207
460 137 384 66
404 195 159 241
210 403 221 482
499 493 214 149
54 481 225 84
386 494 356 184
226 175 395 139
147 419 496 196
166 127 376 20
160 377 72 432
59 399 318 284
111 218 250 319
98 30 290 158
92 166 139 294
154 453 48 385
172 498 352 314
78 36 289 419
136 322 174 376
246 85 474 336
211 198 2 100
286 441 400 447
475 409 4 63
339 452 103 361
448 343 196 191
300 40 47 70
345 461 479 244
284 368 7 493
316 299 142 445
131 192 237 82
149 258 326 258
35 144 431 289
225 152 415 442
160 17 84 354
455 273 239 198
296 168 417 430
321 87 416 186
319 345 2 320
395 450 244 204
24 472 308 429
196 444 1 418
261 150 204 467
99 379 61 237
171 463 84 265
132 227 272 268
242 258 87 274
112 192 86 101
10 233 24 82
372 450 39 192
377 227 4 224
108 466 303 437
141 392 484 4
441 234 435 96
72 219 148 491
338 249 233 249
215 294 398 15
383 254 396 213
435 357 284 103
420 409 132 71
193 63 388 43
120 182 372 490
239 407 316 7
150 193 276 32
446 131 394 196
203 265 129 262
357 422 115 126
180 443 172 166
269 207 389 334
262 7 313 207
344 406 57 476
454 464 119 113
110 252 315 370
291 336 359 20
400 85 427 241
410 27 347 378
349 135 32 151
474 202 438 454
45 291 224 435
87 18 271 68
389 292 20 455
149 65 69 272
389 113 498 234
447 66 417 194
324 77 108 424
476 206 66 326
251 265 197 490
166 232 246 203
344 402 258 187
12 12 247 369
494 424 477 399
174 159 63 186
405 318 478 202
454 212 353 27
353 214 8 379
75 160 49 225
126 430 493 106
46 401 382 351
160 173 282 102
28 425 430 496
453 217 55 181
19 12 65
116 272 276 182
447 401 487 191
39 196 216 221
439 155 491 357
304 82 68 399
249 136 493 266
391 373 180 445
421 7 90 496
345 83 54 86
147 325 396 293
97 289 347 194
245 458 259 195
499 219 212 228
329 252 27 236
264 43 282 468
181 400 432 213
11 275 65 388
408 88 31 422
468 340 414 351
337 185 57 199
482 133 160 486
492 135 257 390
243 329 197 415
191 42 397 404
209 488 220 442
5 452 181 497
213 220 404 248
221 138 226 237
357 195 253 469
455 397 47 196
487 41 74 266
101 182 429 102
106 243 270 371
436 293 343 148
368 339 371 262
90 336 114 379
287 405 98 354
495 35 484 161
316 273 176 204
368 308 370 302
259 170 62 67
13 373 488 39
500 244 443 126
388 256 347 433
311 67 355 254
431 353 239 73
102 27 130 62
40 92 266 323
450 77 390 174
368 461 228 455
140 222 274 248
150 350 205 366
335 196 204 439
50 478 54 301
98 403 251 139
453 211 258 344
4 105 69 17
102 480 20 68
287 315 121 364
244 183 429 450
162 214 167 9
456 201 218 57
60 215 13 480
376 279 312 381
399 374 120 348
20 30 200
86 244 191 320
63 16 389 486
475 32 446 259
409 137 486 423
24 93 106 456
139 26 82 196
159 80 209 482
427 487 11 439
497 221 313 188
239 214 121 220
15 456 448 146
414 229 406 270
93 1 431 240
304 300 489 22
122 218 95 350
51 73 105 453
112 171 31 213
177 28 473 331
302 229 408 440
159 138 142 397
267 91 2 136
227 467 135 321
397 101 448 103
192 337 228 301
286 166 6 114
279 153 473 199
107 220 140 329
459 324 339 492
332 323 447 195
81 328 288 190
387 108 188 339
35 270 178 199
149 244 21 406
40 384 364 457
381 338 468 344
142 39 395 496
84 219 61 77
136 310 495 320
347 458 10 16
167 298 304 236
391 229 286 476
235 353 10 451
108 438 373 385
475 279 497 394
425 433 234 158
1 62 325 474
493 239 24 261
50 408 393 404
398 335 386 137
491 199 183 430
301 217 498 278
234 119 350 194
179 82 170 172
259 106 414 94
216 284 101 271
246 283 16 129
166 184 34 335
296 60 100 251
318 471 4 253
15 154 310 371
182 346 385 342
119 277 72 468
14 197 414 399
399 203 451 214
320 26 375 114
388 36 390 472
478 292 236 456
56 158 296 130
204 63 345 162
311 466 40 208
145 449 273 28
80 360 200 157
257 26 201 68
434 267 485 87
118 4 169 487
474 84 345 305
449 298 383 190
174 185 419 44
237 332 336 232
292 174 280 367
456 152 484 32
296 163 437 143
92 102 304 454
426 363 308 444
396 142 85 226
245 405 359 195
442 322 221 93
115 232 368 18
167 156 286 355
192 251 172 157
365 438 65 482
360 131 213 269
244 132 41 289
375 240 436 395
215 278 17 338
251 492 140 324
460 414 141 375
320 184 291 74
11 158 429 1
167 405 201 13
150 294 296 421
410 148 446 330
257 230 102 376
335 278 168 406
68 371 180 201
473 359 487 403
451 15 470 29
282 111 237 203
490 327 462 325
382 163 244 246
253 332 291 133
335 487 271 454
492 487 291 357
201 84 20 31
24 63 319 119
465 221 190 108
102 151 473 54
427 449 367 469
41 342 336 327
111 89 101 67
238 140 246 42
318 35 354 426
329 158 47 374
170 449 142 194
499 392 413 86
154 167 12 376
289 388 179 123
497 157 169 117
249 233 39 22
342 163 252 214
268 31 57 381
220 26 472 411
153 42 192 140
139 35 101 46
60 318 377 57
341 184 202 157
17 382 8 453
268 20 178 119
358 453 232 203
249 474 414 371
70 104 180 293
155 136 139 100
241 116 104 417
72 341 256 332
480 438 476 256
361 23 357 307
26 54 254 223
154 471 356 86
371 183 71 486
89 367 344 235
110 211 474 461
181 88 125 23
417 354 4 267
470 312 404 98
463 337 306 483
260 392 24 436
274 309 180 74
26 257 115 384
139 98 365 351
85 410 173 225
340 141 487 493
157 142 486 16
102 99 187 268
468 153 362 253
446 232 372 21
405 98 360 40
434 311 311 358
334 469 378 32
389 416 1 480
454 173 271 17
497 366 116 86
439 314 165 352
184 198 78 173
452 274 160 473
135 112 224 354
6 397 258 70
444 89 3 237
262 10 49 80
55 360 85 344
26 162 82 39
359 412 170 283
55 351 124 273
293 227 272 299
88 71 484 213
52 277 409 136
155 133 130 117
328 288 175 209
175 417 78 321
19 196 217 26
225 329 313 305
267 12 242 198
355 115 493 221
2 28 377 30
122 334 259 337
416 279 422 272
137 304 58 243
367 247 355 192
225 339 36 491
459 270 165 18
441 136 212 86
11 23 45
429 461 489 482
101 479 296 416
174 405 457 68
279 200 484 368
79 248 285 454
42 87 445 148
184 416 416 403
61 497 236 29
181 373 248 299
437 96 305 471
174 353 155 127
145 66 310 298
100 121 332 434
375 361 430 384
19 328 371 363
22 40 410 441
254 225 442 467
47 356 16 342
143 41 322 449
279 216 322 29
319 179 35 33
193 241 103 359
310 213 253 471
203 427 319 498
413 210 91 5
243 205 493 320
477 299 203 468
488 4 280 230
462 426 389 90
269 303 272 79
493 301 307 20
146 473 450 227
34 373 229 377
350 159 399 479
209 24 243 497
489 130 154 382
38 492 409 74
354 288 219 353
365 270 275 353
246 242 133 4
403 48 254 81
391 400 55 99
451 101 273 168
406 131 304 278
303 299 130 261
9 20 21
428 450 157 313
28 359 315 391
192 442 325 349
259 37 231 267
103 422 57 410
152 448 322 201
23 147 206 360
419 101 92 329
166 170 41 75
345 393 370 383
214 230 119 416
402 268 425 284
292 390 396 380
156 213 132 203
345 361 256 13
275 384 487 124
241 73 227 424
423 141 197 55
408 226 316 420
371 459 109 332
496 346 92 389
26 7 64
202 16 103 218
407 364 41 265
236 404 316 273
331 342 321 324
206 192 41 227
173 330 271 296
316 194 224 146
65 51 174 204
27 115 449 481
169 115 412 445
232 127 82 323
208 83 354 419
275 467 434 45
77 151 494 382
409 347 308 483
139 310 257 32
306 165 129 46
40 442 33 139
437 167 462 51
110 319 185 175
247 30 361 297
263 485 472 135
423 38 1 22
276 47 91 176
98 167 89 267
198 301 190 302
477 486 196 488
223 297 481 363
87 282 213 131
32 293 457 256
441 214 186 221
107 287 348 207
213 375 137 298
185 196 368 426
465 39 288 89
64 62 195 180
388 83 84 285
352 202 177 257
290 344 54 435
412 251 322 73
230 319 18 335
70 263 53 233
363 339 252 61
66 384 101 338
191 392 447 260
207 187 497 44
455 106 166 102
445 348 454 54
78 430 102 1
498 254 106 2
245 1 1 220
422 12 89 6
147 281 352 335
476 364 263 250
264 398 308 25
480 5 214 320
428 438 142 390
493 7 290 3
64 227 500 163
63 271 168 150
74 74 237 59
90 497 467 254
198 261 259 478
494 196 269 209
6 9 185
295 475 88 469
318 370 44 425
105 6 163 487
263 429 487 97
108 351 59 202
391 21 385 463
107 229 184 161
87 281 304 42
226 144 255 280
25 356 468 431
116 354 359 374
116 416 150 289
244 467 63 6
54 462 89 155
206 342 15 263
445 464 292 223
349 395 277 457
464 243 380 84
166 25 235 187
481 385 44 49
303 237 173 271
154 234 22 120
407 45 276 186
174 339 190 342
383 281 22 302
61 51 463 374
151 234 450 218
56 8 264 354
431 289 33 334
128 125 455 331
70 334 483 322
465 315 322 57
376 253 303 350
295 445 249 10
369 460 481 100
68 467 418 28
110 492 450 59
28 105 70 364
426 149 391 16
472 45 482 417
220 436 298 24
471 350 378 167
346 65 7 339
273 406 478 374
223 272 73 384
163 83 386 130
389 1 180 270
80 350 30 434
459 360 129 203
469 206 389 388
72 7 463 390
345 445 98 431
139 283 276 467
156 157 425 250
190 48 196 56
487 490 25 362
154 135 88 497
121 176 8 328
41 16 476 321
475 292 15 62
454 255 121 232
463 25 277 442
47 339 312 469
291 45 449 434
458 395 499 240
209 150 106 249
471 304 117 403
463 480 161 175
64 309 462 315
216 25 327 1
354 139 230 136
310 339 297 103
273 444 468 307
403 328 281 201
169 133 124 378
201 233 85 62
490 477 314 42
457 63 104 45
28 198 14 263
498 408 324 398
171 488 498 160
263 85 291 323
191 424 346 445
471 32 97 334
424 177 116 440
290 171 454 445
69 356 360 126
49 238 98 194
432 10 197 225
86 428 401 362
256 236 243 114
4 182 100 341
177 406 490 370
421 329 432 473
248 285 69 216
148 125 453 50
218 393 119 150
352 128 467 398
243 48 234 289
345 105 14 5
418 211 394 67
285 144 345 336
129 135 46 105
149 204 187 94
427 141 269 58
479 213 294 175
237 313 180 131
447 283 36 37
194 393 61 271
405 149 92 357
44 126 404 249
450 294 177 247
344 280 49 152
313 342 203 355
190 95 25 306
291 253 241 449
497 77 11 287
363 30 290 331
476 381 476 118
112 414 150 31
192 76 67 68
280 200 112 289
124 213 157 473
259 418 166 418
394 497 108 250
31 457 58 257
397 483 368 154
30 251 296 262
379 338 200 226
320 71 153 164
324 306 46 36
87 320 306 162
225 258 24 118
469 177 330 368
183 130 476 149
180 222 286 94
451 418 203 463
164 436 64 382
66 313 393 42
133 232 5 267
343 315 24 432
154 315 196 252
374 377 431 131
90 153 25 487
24 208 487 336
190 196 49 101
315 40 27 493
84 334 18 468
8 102 444 349
37 180 225 336
302 64 165 310
471 452 477 249
303 346 366 250
475 167 67 413
71 345 438 419
378 66 140 469
379 389 377 477
149 251 87 154
166 272 484 297
122 53 188 201
134 465 319 210
323 249 385 381
382 404 464 337
143 291 32 400
244 73 176 281
134 425 228 36
38 240 241 241
278 312 231 146
260 482 28 95
136 292 311 436
286 360 353 131
104 365 272 130
496 141 422 384
336 75 411 162
460 320 337 54
229 376 79 141
84 484 3 361
254 251 361 71
166 167 492 22
22 193 183 108
314 190 45 393
174 17 323 439
147 248 430 238
492 14 312 141
245 194 357 16
