140 9665
1 87 66
1 9 62
1 22 84
1 60 25
1 107 41
1 88 12
1 75 9
1 53 13
1 66 82
1 122 50
1 47 2
1 68 86
1 32 65
1 110 76
1 12 85
1 109 6
1 24 38
1 18 58
1 15 27
1 2 77
1 19 24
1 119 93
1 65 79
1 62 58
1 49 60
1 93 73
1 112 97
1 125 9
1 46 97
1 51 88
1 124 31
1 58 90
1 100 76
1 130 83
1 108 24
1 73 72
1 116 11
1 56 12
1 64 70
1 104 43
1 43 12
1 136 92
1 74 11
1 21 59
1 55 57
1 57 68
1 11 100
1 42 54
1 135 86
1 26 100
1 50 7
1 16 69
1 10 92
1 36 88
1 86 70
1 45 45
1 76 15
1 6 25
1 33 66
1 115 38
1 131 52
1 34 10
1 63 89
1 27 80
1 123 32
1 70 9
1 20 72
1 128 81
1 71 50
87 1 93
87 9 13
87 22 59
87 60 90
87 107 55
87 88 3
87 75 37
87 53 16
87 66 55
87 122 24
87 47 8
87 68 51
87 32 33
87 110 62
87 12 70
87 109 91
87 24 31
87 18 100
87 15 33
87 2 4
87 19 42
87 119 51
87 65 54
87 62 91
87 49 67
87 93 19
87 112 12
87 125 21
87 46 3
87 51 31
87 124 52
87 58 29
87 100 49
87 130 47
87 108 52
87 73 71
87 116 92
87 56 84
87 64 58
87 104 68
87 43 15
87 136 94
87 74 8
87 21 39
87 55 97
87 57 1
87 11 50
87 42 73
87 135 55
87 26 79
87 50 78
87 16 100
87 10 72
87 36 77
87 86 10
87 45 61
87 76 91
87 6 77
87 33 74
87 115 93
87 131 93
87 34 41
87 63 42
87 27 7
87 123 12
87 70 10
87 20 31
87 128 95
87 71 71
9 1 70
9 87 17
9 22 22
9 60 76
9 107 60
9 88 16
9 75 89
9 53 42
9 66 83
9 122 68
9 47 21
9 68 70
9 32 73
9 110 40
9 12 83
9 109 75
9 24 35
9 18 89
9 15 64
9 2 20
9 19 99
9 119 62
9 65 72
9 62 10
9 49 31
9 93 5
9 112 64
9 125 72
9 46 69
9 51 25
9 124 50
9 58 81
9 100 38
9 130 14
9 108 54
9 73 26
9 116 75
9 56 48
9 64 94
9 104 68
9 43 77
9 136 25
9 74 76
9 21 31
9 55 19
9 57 51
9 11 77
9 42 42
9 135 10
9 26 67
9 50 27
9 16 44
9 10 31
9 36 26
9 86 87
9 45 54
9 76 81
9 6 43
9 33 85
9 115 82
9 131 76
9 34 40
9 63 32
9 27 43
9 123 79
9 70 23
9 20 65
9 128 42
9 71 63
22 1 25
22 87 8
22 9 48
22 60 44
22 107 64
22 88 86
22 75 89
22 53 84
22 66 66
22 122 55
22 47 20
22 68 1
22 32 74
22 110 4
22 12 21
22 109 46
22 24 1
22 18 9
22 15 93
22 2 42
22 19 31
22 119 70
22 65 50
22 62 76
22 49 81
22 93 58
22 112 91
22 125 65
22 46 72
22 51 50
22 124 27
22 58 54
22 100 1
22 130 33
22 108 69
22 73 24
22 116 83
22 56 98
22 64 28
22 104 81
22 43 48
22 136 97
22 74 17
22 21 99
22 55 25
22 57 37
22 11 35
22 42 32
22 135 8
22 26 20
22 50 59
22 16 40
22 10 39
22 36 19
22 86 44
22 45 81
22 76 20
22 6 69
22 33 65
22 115 26
22 131 45
22 34 64
22 63 60
22 27 53
22 123 20
22 70 78
22 20 32
22 128 57
22 71 33
60 1 32
60 87 3
60 9 55
60 22 56
60 107 80
60 88 9
60 75 25
60 53 64
60 66 86
60 122 16
60 47 98
60 68 42
60 32 65
60 110 86
60 12 36
60 109 39
60 24 47
60 18 23
60 15 14
60 2 67
60 19 100
60 119 7
60 65 22
60 62 56
60 49 97
60 93 98
60 112 45
60 125 65
60 46 58
60 51 84
60 124 22
60 58 5
60 100 14
60 130 54
60 108 54
60 73 50
60 116 72
60 56 1
60 64 51
60 104 62
60 43 31
60 136 35
60 74 100
60 21 73
60 55 55
60 57 54
60 11 48
60 42 68
60 135 39
60 26 44
60 50 84
60 16 81
60 10 41
60 36 3
60 86 45
60 45 64
60 76 73
60 6 38
60 33 9
60 115 86
60 131 40
60 34 33
60 63 64
60 27 21
60 123 90
60 70 58
60 20 5
60 128 9
60 71 99
107 1 74
107 87 22
107 9 89
107 22 67
107 60 68
107 88 7
107 75 36
107 53 93
107 66 20
107 122 80
107 47 62
107 68 76
107 32 59
107 110 47
107 12 96
107 109 79
107 24 44
107 18 30
107 15 30
107 2 5
107 19 25
107 119 64
107 65 21
107 62 33
107 49 97
107 93 65
107 112 66
107 125 2
107 46 86
107 51 99
107 124 75
107 58 94
107 100 38
107 130 57
107 108 55
107 73 89
107 116 21
107 56 88
107 64 77
107 104 39
107 43 7
107 136 75
107 74 17
107 21 94
107 55 56
107 57 67
107 11 22
107 42 18
107 135 51
107 26 99
107 50 74
107 16 66
107 10 37
107 36 69
107 86 37
107 45 76
107 76 55
107 6 88
107 33 94
107 115 78
107 131 15
107 34 32
107 63 60
107 27 72
107 123 79
107 70 77
107 20 4
107 128 96
107 71 1
88 1 88
88 87 97
88 9 52
88 22 31
88 60 76
88 107 12
88 75 4
88 53 31
88 66 13
88 122 6
88 47 51
88 68 3
88 32 46
88 110 31
88 12 50
88 109 47
88 24 22
88 18 85
88 15 83
88 2 37
88 19 91
88 119 66
88 65 13
88 62 17
88 49 53
88 93 80
88 112 88
88 125 24
88 46 83
88 51 69
88 124 38
88 58 9
88 100 42
88 130 72
88 108 27
88 73 70
88 116 66
88 56 28
88 64 29
88 104 54
88 43 93
88 136 81
88 74 88
88 21 51
88 55 55
88 57 92
88 11 54
88 42 53
88 135 28
88 26 80
88 50 57
88 16 74
88 10 29
88 36 31
88 86 68
88 45 100
88 76 60
88 6 49
88 33 54
88 115 5
88 131 50
88 34 23
88 63 87
88 27 74
88 123 23
88 70 39
88 20 31
88 128 13
88 71 8
75 1 62
75 87 28
75 9 35
75 22 13
75 60 48
75 107 44
75 88 98
75 53 94
75 66 51
75 122 67
75 47 20
75 68 29
75 32 91
75 110 61
75 12 17
75 109 34
75 24 55
75 18 89
75 15 2
75 2 43
75 19 38
75 119 94
75 65 25
75 62 69
75 49 9
75 93 25
75 112 36
75 125 44
75 46 6
75 51 54
75 124 8
75 58 62
75 100 61
75 130 63
75 108 16
75 73 29
75 116 35
75 56 56
75 64 19
75 104 7
75 43 51
75 136 95
75 74 52
75 21 84
75 55 28
75 57 16
75 11 71
75 42 31
75 135 4
75 26 74
75 50 13
75 16 29
75 10 28
75 36 50
75 86 46
75 45 71
75 76 12
75 6 10
75 33 80
75 115 22
75 131 50
75 34 29
75 63 27
75 27 75
75 123 94
75 70 22
75 20 91
75 128 88
75 71 2
53 1 43
53 87 48
53 9 97
53 22 25
53 60 88
53 107 80
53 88 71
53 75 96
53 66 8
53 122 53
53 47 29
53 68 26
53 32 33
53 110 93
53 12 40
53 109 18
53 24 73
53 18 26
53 15 42
53 2 16
53 19 63
53 119 98
53 65 15
53 62 21
53 49 1
53 93 90
53 112 93
53 125 87
53 46 2
53 51 6
53 124 6
53 58 6
53 100 73
53 130 17
53 108 23
53 73 50
53 116 42
53 56 59
53 64 76
53 104 27
53 43 74
53 136 3
53 74 64
53 21 47
53 55 51
53 57 70
53 11 9
53 42 89
53 135 80
53 26 34
53 50 11
53 16 42
53 10 54
53 36 96
53 86 25
53 45 85
53 76 60
53 6 47
53 33 93
53 115 34
53 131 77
53 34 4
53 63 97
53 27 79
53 123 100
53 70 86
53 20 38
53 128 44
53 71 73
66 1 96
66 87 36
66 9 53
66 22 98
66 60 91
66 107 73
66 88 11
66 75 100
66 53 50
66 122 14
66 47 56
66 68 69
66 32 57
66 110 57
66 12 70
66 109 16
66 24 63
66 18 9
66 15 80
66 2 97
66 19 62
66 119 43
66 65 93
66 62 69
66 49 52
66 93 12
66 112 42
66 125 39
66 46 67
66 51 23
66 124 72
66 58 19
66 100 82
66 130 71
66 108 28
66 73 79
66 116 31
66 56 5
66 64 6
66 104 14
66 43 6
66 136 27
66 74 19
66 21 59
66 55 51
66 57 93
66 11 32
66 42 77
66 135 82
66 26 95
66 50 78
66 16 89
66 10 85
66 36 8
66 86 62
66 45 8
66 76 72
66 6 21
66 33 93
66 115 60
66 131 48
66 34 70
66 63 57
66 27 83
66 123 14
66 70 7
66 20 84
66 128 40
66 71 25
122 1 86
122 87 4
122 9 31
122 22 74
122 60 19
122 107 92
122 88 22
122 75 87
122 53 14
122 66 85
122 47 8
122 68 69
122 32 42
122 110 27
122 12 11
122 109 84
122 24 66
122 18 80
122 15 82
122 2 62
122 19 6
122 119 58
122 65 7
122 62 46
122 49 74
122 93 15
122 112 84
122 125 39
122 46 28
122 51 8
122 124 26
122 58 40
122 100 98
122 130 10
122 108 8
122 73 55
122 116 86
122 56 4
122 64 26
122 104 83
122 43 45
122 136 61
122 74 9
122 21 14
122 55 80
122 57 40
122 11 3
122 42 52
122 135 22
122 26 11
122 50 24
122 16 43
122 10 31
122 36 68
122 86 31
122 45 40
122 76 42
122 6 24
122 33 78
122 115 26
122 131 51
122 34 31
122 63 68
122 27 92
122 123 5
122 70 89
122 20 22
122 128 19
122 71 64
47 1 43
47 87 68
47 9 70
47 22 88
47 60 11
47 107 60
47 88 30
47 75 39
47 53 15
47 66 68
47 122 95
47 68 89
47 32 21
47 110 69
47 12 79
47 109 96
47 24 84
47 18 18
47 15 68
47 2 62
47 19 89
47 119 84
47 65 95
47 62 74
47 49 7
47 93 92
47 112 51
47 125 90
47 46 58
47 51 81
47 124 70
47 58 59
47 100 44
47 130 3
47 108 85
47 73 56
47 116 68
47 56 10
47 64 80
47 104 65
47 43 19
47 136 50
47 74 53
47 21 87
47 55 17
47 57 85
47 11 7
47 42 35
47 135 64
47 26 62
47 50 91
47 16 100
47 10 90
47 36 89
47 86 6
47 45 4
47 76 37
47 6 82
47 33 40
47 115 52
47 131 49
47 34 58
47 63 88
47 27 43
47 123 100
47 70 79
47 20 10
47 128 50
47 71 50
68 1 22
68 87 53
68 9 76
68 22 87
68 60 96
68 107 25
68 88 73
68 75 83
68 53 88
68 66 24
68 122 84
68 47 40
68 32 69
68 110 15
68 12 2
68 109 43
68 24 12
68 18 90
68 15 71
68 2 39
68 19 93
68 119 77
68 65 4
68 62 75
68 49 82
68 93 42
68 112 81
68 125 86
68 46 93
68 51 58
68 124 15
68 58 98
68 100 27
68 130 62
68 108 49
68 73 62
68 116 18
68 56 79
68 64 18
68 104 23
68 43 22
68 136 17
68 74 52
68 21 58
68 55 33
68 57 79
68 11 68
68 42 69
68 135 92
68 26 50
68 50 45
68 16 60
68 10 29
68 36 61
68 86 43
68 45 15
68 76 38
68 6 70
68 33 35
68 115 8
68 131 3
68 34 32
68 63 74
68 27 31
68 123 6
68 70 90
68 20 75
68 128 100
68 71 65
32 1 42
32 87 10
32 9 97
32 22 65
32 60 20
32 107 64
32 88 17
32 75 66
32 53 100
32 66 81
32 122 85
32 47 3
32 68 47
32 110 55
32 12 37
32 109 46
32 24 48
32 18 77
32 15 77
32 2 53
32 19 64
32 119 14
32 65 39
32 62 81
32 49 12
32 93 7
32 112 100
32 125 31
32 46 75
32 51 17
32 124 43
32 58 26
32 100 61
32 130 49
32 108 79
32 73 43
32 116 45
32 56 31
32 64 87
32 104 21
32 43 78
32 136 63
32 74 68
32 21 88
32 55 94
32 57 19
32 11 30
32 42 3
32 135 14
32 26 82
32 50 11
32 16 19
32 10 75
32 36 81
32 86 24
32 45 16
32 76 7
32 6 58
32 33 63
32 115 79
32 131 61
32 34 36
32 63 62
32 27 100
32 123 71
32 70 13
32 20 74
32 128 89
32 71 63
110 1 58
110 87 18
110 9 77
110 22 78
110 60 92
110 107 92
110 88 52
110 75 80
110 53 68
110 66 72
110 122 96
110 47 37
110 68 87
110 32 71
110 12 23
110 109 12
110 24 52
110 18 89
110 15 8
110 2 55
110 19 2
110 119 52
110 65 71
110 62 85
110 49 93
110 93 100
110 112 19
110 125 46
110 46 37
110 51 19
110 124 50
110 58 88
110 100 39
110 130 9
110 108 38
110 73 15
110 116 39
110 56 57
110 64 1
110 104 77
110 43 100
110 136 75
110 74 93
110 21 5
110 55 71
110 57 82
110 11 19
110 42 23
110 135 100
110 26 48
110 50 78
110 16 33
110 10 56
110 36 6
110 86 8
110 45 92
110 76 79
110 6 42
110 33 80
110 115 21
110 131 56
110 34 76
110 63 66
110 27 16
110 123 10
110 70 93
110 20 66
110 128 79
110 71 51
12 1 71
12 87 21
12 9 27
12 22 7
12 60 35
12 107 15
12 88 85
12 75 3
12 53 41
12 66 17
12 122 60
12 47 68
12 68 1
12 32 60
12 110 60
12 109 5
12 24 20
12 18 91
12 15 38
12 2 17
12 19 49
12 119 16
12 65 38
12 62 62
12 49 66
12 93 53
12 112 44
12 125 53
12 46 33
12 51 11
12 124 5
12 58 64
12 100 2
12 130 29
12 108 18
12 73 44
12 116 73
12 56 89
12 64 75
12 104 1
12 43 41
12 136 36
12 74 77
12 21 77
12 55 48
12 57 48
12 11 13
12 42 62
12 135 47
12 26 79
12 50 80
12 16 93
12 10 9
12 36 70
12 86 12
12 45 52
12 76 30
12 6 28
12 33 93
12 115 96
12 131 20
12 34 27
12 63 42
12 27 18
12 123 88
12 70 100
12 20 59
12 128 4
12 71 60
109 1 5
109 87 78
109 9 33
109 22 99
109 60 100
109 107 55
109 88 58
109 75 4
109 53 42
109 66 22
109 122 9
109 47 48
109 68 53
109 32 89
109 110 33
109 12 35
109 24 66
109 18 84
109 15 52
109 2 22
109 19 66
109 119 66
109 65 18
109 62 36
109 49 20
109 93 17
109 112 58
109 125 7
109 46 57
109 51 17
109 124 17
109 58 55
109 100 83
109 130 75
109 108 32
109 73 96
109 116 76
109 56 91
109 64 7
109 104 13
109 43 6
109 136 25
109 74 4
109 21 9
109 55 1
109 57 8
109 11 100
109 42 81
109 135 3
109 26 90
109 50 29
109 16 75
109 10 58
109 36 31
109 86 89
109 45 9
109 76 19
109 6 7
109 33 53
109 115 58
109 131 23
109 34 30
109 63 82
109 27 31
109 123 27
109 70 55
109 20 64
109 128 52
109 71 3
24 1 36
24 87 67
24 9 72
24 22 40
24 60 24
24 107 100
24 88 24
24 75 54
24 53 18
24 66 6
24 122 55
24 47 80
24 68 17
24 32 22
24 110 63
24 12 22
24 109 3
24 18 94
24 15 69
24 2 23
24 19 7
24 119 21
24 65 59
24 62 42
24 49 13
24 93 99
24 112 84
24 125 55
24 46 96
24 51 35
24 124 100
24 58 76
24 100 37
24 130 98
24 108 8
24 73 26
24 116 64
24 56 1
24 64 70
24 104 49
24 43 85
24 136 25
24 74 100
24 21 67
24 55 29
24 57 30
24 11 100
24 42 33
24 135 73
24 26 66
24 50 71
24 16 49
24 10 88
24 36 83
24 86 61
24 45 100
24 76 10
24 6 3
24 33 1
24 115 81
24 131 45
24 34 66
24 63 72
24 27 1
24 123 1
24 70 67
24 20 35
24 128 11
24 71 71
18 1 85
18 87 49
18 9 100
18 22 25
18 60 93
18 107 7
18 88 57
18 75 41
18 53 27
18 66 38
18 122 95
18 47 35
18 68 7
18 32 98
18 110 64
18 12 50
18 109 62
18 24 88
18 15 95
18 2 37
18 19 18
18 119 43
18 65 8
18 62 49
18 49 20
18 93 67
18 112 97
18 125 27
18 46 98
18 51 93
18 124 78
18 58 26
18 100 94
18 130 18
18 108 3
18 73 50
18 116 77
18 56 66
18 64 36
18 104 72
18 43 64
18 136 74
18 74 85
18 21 59
18 55 59
18 57 22
18 11 92
18 42 95
18 135 50
18 26 2
18 50 96
18 16 98
18 10 51
18 36 23
18 86 10
18 45 17
18 76 85
18 6 83
18 33 62
18 115 87
18 131 73
18 34 63
18 63 93
18 27 61
18 123 1
18 70 16
18 20 41
18 128 95
18 71 10
15 1 91
15 87 40
15 9 26
15 22 19
15 60 58
15 107 1
15 88 61
15 75 1
15 53 48
15 66 51
15 122 30
15 47 99
15 68 25
15 32 21
15 110 14
15 12 16
15 109 81
15 24 66
15 18 2
15 2 6
15 19 26
15 119 100
15 65 9
15 62 97
15 49 81
15 93 94
15 112 37
15 125 87
15 46 7
15 51 21
15 124 57
15 58 33
15 100 21
15 130 67
15 108 58
15 73 90
15 116 74
15 56 45
15 64 95
15 104 53
15 43 71
15 136 54
15 74 68
15 21 86
15 55 95
15 57 77
15 11 8
15 42 64
15 135 83
15 26 28
15 50 54
15 16 54
15 10 70
15 36 90
15 86 52
15 45 57
15 76 75
15 6 21
15 33 81
15 115 44
15 131 54
15 34 21
15 63 85
15 27 53
15 123 45
15 70 78
15 20 34
15 128 8
15 71 81
2 1 58
2 87 32
2 9 85
2 22 17
2 60 96
2 107 85
2 88 66
2 75 57
2 53 64
2 66 82
2 122 34
2 47 94
2 68 71
2 32 14
2 110 43
2 12 70
2 109 10
2 24 38
2 18 22
2 15 71
2 19 53
2 119 52
2 65 42
2 62 73
2 49 84
2 93 79
2 112 57
2 125 5
2 46 2
2 51 83
2 124 37
2 58 29
2 100 6
2 130 35
2 108 99
2 73 49
2 116 1
2 56 28
2 64 97
2 104 77
2 43 5
2 136 41
2 74 28
2 21 45
2 55 13
2 57 4
2 11 98
2 42 44
2 135 42
2 26 4
2 50 19
2 16 41
2 10 27
2 36 66
2 86 74
2 45 98
2 76 62
2 6 58
2 33 88
2 115 90
2 131 27
2 34 97
2 63 67
2 27 22
2 123 77
2 70 76
2 20 32
2 128 96
2 71 56
19 1 99
19 87 95
19 9 71
19 22 29
19 60 17
19 107 13
19 88 33
19 75 6
19 53 7
19 66 71
19 122 86
19 47 36
19 68 62
19 32 28
19 110 15
19 12 9
19 109 99
19 24 42
19 18 44
19 15 42
19 2 35
19 119 51
19 65 54
19 62 89
19 49 51
19 93 20
19 112 90
19 125 74
19 46 90
19 51 94
19 124 5
19 58 21
19 100 3
19 130 85
19 108 18
19 73 49
19 116 44
19 56 50
19 64 16
19 104 18
19 43 30
19 136 50
19 74 85
19 21 67
19 55 2
19 57 6
19 11 50
19 42 28
19 135 72
19 26 39
19 50 42
19 16 62
19 10 26
19 36 63
19 86 97
19 45 93
19 76 25
19 6 39
19 33 44
19 115 3
19 131 87
19 34 82
19 63 91
19 27 37
19 123 20
19 70 44
19 20 89
19 128 29
19 71 58
119 1 6
119 87 58
119 9 78
119 22 82
119 60 45
119 107 27
119 88 43
119 75 71
119 53 19
119 66 71
119 122 58
119 47 83
119 68 6
119 32 25
119 110 80
119 12 23
119 109 76
119 24 44
119 18 93
119 15 48
119 2 99
119 19 12
119 65 10
119 62 18
119 49 29
119 93 43
119 112 39
119 125 8
119 46 68
119 51 6
119 124 59
119 58 37
119 100 5
119 130 95
119 108 60
119 73 20
119 116 67
119 56 7
119 64 63
119 104 22
119 43 36
119 136 90
119 74 21
119 21 34
119 55 40
119 57 44
119 11 39
119 42 9
119 135 11
119 26 47
119 50 44
119 16 36
119 10 50
119 36 50
119 86 2
119 45 79
119 76 82
119 6 50
119 33 83
119 115 82
119 131 15
119 34 12
119 63 22
119 27 50
119 123 3
119 70 17
119 20 23
119 128 60
119 71 11
65 1 1
65 87 13
65 9 100
65 22 98
65 60 90
65 107 90
65 88 18
65 75 61
65 53 21
65 66 20
65 122 63
65 47 63
65 68 85
65 32 34
65 110 91
65 12 13
65 109 100
65 24 73
65 18 86
65 15 66
65 2 64
65 19 79
65 119 13
65 62 92
65 49 53
65 93 51
65 112 6
65 125 69
65 46 24
65 51 50
65 124 10
65 58 87
65 100 51
65 130 22
65 108 57
65 73 56
65 116 8
65 56 48
65 64 48
65 104 92
65 43 9
65 136 66
65 74 29
65 21 8
65 55 22
65 57 39
65 11 74
65 42 24
65 135 69
65 26 50
65 50 91
65 16 60
65 10 57
65 36 46
65 86 32
65 45 70
65 76 21
65 6 61
65 33 100
65 115 52
65 131 57
65 34 89
65 63 98
65 27 4
65 123 24
65 70 15
65 20 37
65 128 35
65 71 3
62 1 35
62 87 98
62 9 40
62 22 37
62 60 30
62 107 89
62 88 10
62 75 25
62 53 68
62 66 77
62 122 6
62 47 47
62 68 47
62 32 24
62 110 6
62 12 7
62 109 93
62 24 41
62 18 45
62 15 10
62 2 88
62 19 76
62 119 31
62 65 19
62 49 100
62 93 11
62 112 57
62 125 25
62 46 38
62 51 44
62 124 44
62 58 93
62 100 19
62 130 29
62 108 26
62 73 30
62 116 15
62 56 99
62 64 2
62 104 51
62 43 1
62 136 85
62 74 25
62 21 88
62 55 13
62 57 22
62 11 6
62 42 17
62 135 67
62 26 5
62 50 62
62 16 25
62 10 15
62 36 86
62 86 61
62 45 82
62 76 1
62 6 36
62 33 97
62 115 73
62 131 46
62 34 7
62 63 79
62 27 11
62 123 60
62 70 88
62 20 82
62 128 33
62 71 34
49 1 32
49 87 81
49 9 94
49 22 10
49 60 84
49 107 33
49 88 43
49 75 71
49 53 80
49 66 10
49 122 57
49 47 73
49 68 71
49 32 19
49 110 95
49 12 4
49 109 10
49 24 43
49 18 74
49 15 72
49 2 4
49 19 56
49 119 48
49 65 81
49 62 40
49 93 65
49 112 28
49 125 72
49 46 1
49 51 23
49 124 43
49 58 1
49 100 86
49 130 97
49 108 36
49 73 56
49 116 89
49 56 100
49 64 98
49 104 1
49 43 51
49 136 39
49 74 40
49 21 32
49 55 94
49 57 91
49 11 60
49 42 1
49 135 87
49 26 13
49 50 30
49 16 34
49 10 86
49 36 82
49 86 64
49 45 91
49 76 57
49 6 92
49 33 57
49 115 53
49 131 37
49 34 8
49 63 34
49 27 31
49 123 41
49 70 23
49 20 92
49 128 28
49 71 38
93 1 36
93 87 39
93 9 32
93 22 91
93 60 25
93 107 3
93 88 9
93 75 10
93 53 6
93 66 98
93 122 44
93 47 27
93 68 14
93 32 6
93 110 23
93 12 7
93 109 42
93 24 47
93 18 17
93 15 34
93 2 98
93 19 43
93 119 86
93 65 9
93 62 75
93 49 63
93 112 82
93 125 44
93 46 25
93 51 67
93 124 20
93 58 30
93 100 100
93 130 46
93 108 48
93 73 88
93 116 33
93 56 14
93 64 83
93 104 78
93 43 23
93 136 3
93 74 61
93 21 38
93 55 43
93 57 96
93 11 89
93 42 56
93 135 61
93 26 25
93 50 90
93 16 30
93 10 8
93 36 97
93 86 45
93 45 72
93 76 55
93 6 88
93 33 2
93 115 30
93 131 3
93 34 6
93 63 68
93 27 31
93 123 36
93 70 32
93 20 15
93 128 88
93 71 85
112 1 80
112 87 23
112 9 100
112 22 47
112 60 35
112 107 6
112 88 76
112 75 56
112 53 29
112 66 2
112 122 60
112 47 51
112 68 16
112 32 68
112 110 95
112 12 49
112 109 46
112 24 92
112 18 30
112 15 30
112 2 25
112 19 65
112 119 91
112 65 56
112 62 76
112 49 76
112 93 81
112 125 30
112 46 64
112 51 61
112 124 20
112 58 91
112 100 72
112 130 62
112 108 24
112 73 44
112 116 64
112 56 90
112 64 53
112 104 60
112 43 35
112 136 5
112 74 24
112 21 27
112 55 65
112 57 93
112 11 85
112 42 91
112 135 18
112 26 84
112 50 85
112 16 63
112 10 22
112 36 28
112 86 4
112 45 25
112 76 57
112 6 54
112 33 74
112 115 56
112 131 44
112 34 100
112 63 9
112 27 24
112 123 18
112 70 48
112 20 90
112 128 62
112 71 7
125 1 90
125 87 77
125 9 95
125 22 4
125 60 97
125 107 3
125 88 48
125 75 47
125 53 39
125 66 42
125 122 58
125 47 76
125 68 21
125 32 54
125 110 92
125 12 15
125 109 66
125 24 27
125 18 92
125 15 35
125 2 95
125 19 98
125 119 1
125 65 98
125 62 76
125 49 12
125 93 34
125 112 49
125 46 62
125 51 18
125 124 28
125 58 71
125 100 17
125 130 53
125 108 69
125 73 96
125 116 74
125 56 6
125 64 97
125 104 91
125 43 96
125 136 100
125 74 56
125 21 69
125 55 94
125 57 71
125 11 10
125 42 3
125 135 46
125 26 54
125 50 73
125 16 45
125 10 69
125 36 1
125 86 46
125 45 18
125 76 28
125 6 76
125 33 2
125 115 35
125 131 62
125 34 14
125 63 69
125 27 83
125 123 76
125 70 29
125 20 71
125 128 89
125 71 16
46 1 92
46 87 92
46 9 59
46 22 9
46 60 83
46 107 71
46 88 48
46 75 60
46 53 22
46 66 95
46 122 44
46 47 37
46 68 90
46 32 42
46 110 90
46 12 38
46 109 47
46 24 8
46 18 69
46 15 75
46 2 1
46 19 20
46 119 73
46 65 22
46 62 98
46 49 18
46 93 83
46 112 76
46 125 59
46 51 81
46 124 74
46 58 71
46 100 20
46 130 62
46 108 57
46 73 96
46 116 98
46 56 40
46 64 74
46 104 82
46 43 91
46 136 39
46 74 6
46 21 1
46 55 28
46 57 12
46 11 15
46 42 65
46 135 79
46 26 2
46 50 45
46 16 3
46 10 32
46 36 40
46 86 99
46 45 60
46 76 80
46 6 67
46 33 100
46 115 41
46 131 23
46 34 95
46 63 41
46 27 42
46 123 23
46 70 3
46 20 24
46 128 41
46 71 62
51 1 33
51 87 44
51 9 16
51 22 96
51 60 34
51 107 57
51 88 39
51 75 78
51 53 8
51 66 47
51 122 82
51 47 30
51 68 43
51 32 62
51 110 97
51 12 98
51 109 64
51 24 100
51 18 49
51 15 70
51 2 28
51 19 36
51 119 56
51 65 72
51 62 92
51 49 4
51 93 57
51 112 57
51 125 100
51 46 72
51 124 48
51 58 1
51 100 52
51 130 89
51 108 28
51 73 67
51 116 46
51 56 89
51 64 70
51 104 84
51 43 97
51 136 63
51 74 60
51 21 75
51 55 10
51 57 48
51 11 88
51 42 53
51 135 55
51 26 18
51 50 82
51 16 23
51 10 91
51 36 43
51 86 46
51 45 81
51 76 100
51 6 46
51 33 20
51 115 77
51 131 48
51 34 92
51 63 22
51 27 93
51 123 75
51 70 67
51 20 37
51 128 27
51 71 23
124 1 69
124 87 79
124 9 74
124 22 85
124 60 2
124 107 32
124 88 37
124 75 24
124 53 15
124 66 20
124 122 42
124 47 61
124 68 55
124 32 2
124 110 41
124 12 91
124 109 3
124 24 76
124 18 29
124 15 20
124 2 78
124 19 52
124 119 44
124 65 11
124 62 85
124 49 32
124 93 70
124 112 32
124 125 62
124 46 20
124 51 69
124 58 1
124 100 93
124 130 100
124 108 82
124 73 61
124 116 52
124 56 69
124 64 10
124 104 91
124 43 75
124 136 23
124 74 57
124 21 63
124 55 13
124 57 49
124 11 23
124 42 93
124 135 98
124 26 23
124 50 12
124 16 97
124 10 19
124 36 69
124 86 40
124 45 15
124 76 91
124 6 70
124 33 28
124 115 74
124 131 31
124 34 55
124 63 6
124 27 94
124 123 37
124 70 8
124 20 96
124 128 48
124 71 51
58 1 95
58 87 87
58 9 61
58 22 90
58 60 18
58 107 38
58 88 45
58 75 12
58 53 2
58 66 31
58 122 18
58 47 72
58 68 37
58 32 64
58 110 16
58 12 61
58 109 66
58 24 53
58 18 89
58 15 3
58 2 74
58 19 72
58 119 51
58 65 93
58 62 60
58 49 60
58 93 2
58 112 76
58 125 31
58 46 38
58 51 25
58 124 69
58 100 30
58 130 67
58 108 41
58 73 81
58 116 37
58 56 40
58 64 30
58 104 59
58 43 70
58 136 8
58 74 24
58 21 86
58 55 36
58 57 82
58 11 56
58 42 30
58 135 77
58 26 73
58 50 50
58 16 76
58 10 16
58 36 88
58 86 58
58 45 6
58 76 26
58 6 49
58 33 44
58 115 6
58 131 48
58 34 19
58 63 56
58 27 54
58 123 15
58 70 70
58 20 95
58 128 5
58 71 62
100 1 69
100 87 33
100 9 19
100 22 14
100 60 42
100 107 56
100 88 83
100 75 14
100 53 26
100 66 54
100 122 1
100 47 49
100 68 4
100 32 18
100 110 73
100 12 68
100 109 69
100 24 66
100 18 100
100 15 65
100 2 25
100 19 77
100 119 88
100 65 17
100 62 8
100 49 45
100 93 32
100 112 41
100 125 12
100 46 34
100 51 87
100 124 60
100 58 66
100 130 37
100 108 1
100 73 89
100 116 74
100 56 75
100 64 35
100 104 8
100 43 53
100 136 49
100 74 35
100 21 71
100 55 33
100 57 65
100 11 84
100 42 87
100 135 9
100 26 66
100 50 65
100 16 86
100 10 54
100 36 29
100 86 28
100 45 23
100 76 55
100 6 100
100 33 12
100 115 20
100 131 79
100 34 67
100 63 94
100 27 67
100 123 1
100 70 21
100 20 75
100 128 52
100 71 61
130 1 100
130 87 54
130 9 98
130 22 42
130 60 3
130 107 62
130 88 73
130 75 75
130 53 10
130 66 18
130 122 43
130 47 88
130 68 39
130 32 95
130 110 90
130 12 59
130 109 7
130 24 21
130 18 28
130 15 51
130 2 14
130 19 34
130 119 49
130 65 22
130 62 90
130 49 65
130 93 38
130 112 56
130 125 97
130 46 2
130 51 80
130 124 55
130 58 46
130 100 92
130 108 77
130 73 11
130 116 77
130 56 76
130 64 60
130 104 21
130 43 41
130 136 1
130 74 21
130 21 13
130 55 23
130 57 17
130 11 40
130 42 78
130 135 2
130 26 15
130 50 73
130 16 54
130 10 71
130 36 45
130 86 5
130 45 40
130 76 48
130 6 39
130 33 94
130 115 23
130 131 64
130 34 55
130 63 37
130 27 92
130 123 29
130 70 63
130 20 62
130 128 20
130 71 37
108 1 57
108 87 1
108 9 9
108 22 82
108 60 27
108 107 94
108 88 61
108 75 80
108 53 76
108 66 98
108 122 66
108 47 52
108 68 46
108 32 17
108 110 49
108 12 40
108 109 11
108 24 48
108 18 14
108 15 2
108 2 99
108 19 35
108 119 43
108 65 40
108 62 35
108 49 74
108 93 52
108 112 54
108 125 95
108 46 30
108 51 6
108 124 66
108 58 100
108 100 31
108 130 35
108 73 49
108 116 28
108 56 30
108 64 35
108 104 64
108 43 19
108 136 25
108 74 67
108 21 83
108 55 45
108 57 4
108 11 41
108 42 89
108 135 1
108 26 93
108 50 50
108 16 93
108 10 70
108 36 90
108 86 39
108 45 10
108 76 88
108 6 54
108 33 75
108 115 81
108 131 53
108 34 65
108 63 79
108 27 5
108 123 25
108 70 63
108 20 80
108 128 50
108 71 69
73 1 96
73 87 65
73 9 94
73 22 50
73 60 31
73 107 35
73 88 40
73 75 74
73 53 11
73 66 90
73 122 12
73 47 59
73 68 92
73 32 15
73 110 92
73 12 24
73 109 42
73 24 74
73 18 17
73 15 19
73 2 24
73 19 10
73 119 29
73 65 15
73 62 74
73 49 69
73 93 16
73 112 71
73 125 38
73 46 29
73 51 48
73 124 84
73 58 57
73 100 20
73 130 62
73 108 48
73 116 69
73 56 89
73 64 28
73 104 29
73 43 82
73 136 12
73 74 94
73 21 51
73 55 32
73 57 9
73 11 11
73 42 57
73 135 96
73 26 9
73 50 92
73 16 81
73 10 82
73 36 5
73 86 14
73 45 50
73 76 11
73 6 30
73 33 7
73 115 57
73 131 4
73 34 48
73 63 63
73 27 87
73 123 84
73 70 90
73 20 74
73 128 74
73 71 91
116 1 87
116 87 72
116 9 51
116 22 22
116 60 43
116 107 12
116 88 7
116 75 57
116 53 45
116 66 87
116 122 22
116 47 60
116 68 53
116 32 16
116 110 48
116 12 11
116 109 73
116 24 72
116 18 13
116 15 24
116 2 86
116 19 76
116 119 74
116 65 100
116 62 75
116 49 33
116 93 70
116 112 57
116 125 93
116 46 41
116 51 48
116 124 23
116 58 60
116 100 4
116 130 87
116 108 51
116 73 18
116 56 14
116 64 80
116 104 60
116 43 74
116 136 86
116 74 62
116 21 88
116 55 62
116 57 39
116 11 11
116 42 30
116 135 22
116 26 59
116 50 97
116 16 86
116 10 46
116 36 39
116 86 12
116 45 17
116 76 91
116 6 90
116 33 72
116 115 90
116 131 88
116 34 1
116 63 61
116 27 52
116 123 45
116 70 25
116 20 43
116 128 81
116 71 76
56 1 53
56 87 26
56 9 14
56 22 49
56 60 94
56 107 20
56 88 15
56 75 63
56 53 82
56 66 43
56 122 95
56 47 73
56 68 88
56 32 65
56 110 27
56 12 7
56 109 74
56 24 43
56 18 34
56 15 48
56 2 63
56 19 53
56 119 22
56 65 13
56 62 83
56 49 55
56 93 100
56 112 72
56 125 82
56 46 85
56 51 32
56 124 84
56 58 6
56 100 88
56 130 59
56 108 48
56 73 2
56 116 68
56 64 1
56 104 62
56 43 75
56 136 14
56 74 29
56 21 82
56 55 11
56 57 82
56 11 13
56 42 72
56 135 4
56 26 14
56 50 39
56 16 22
56 10 83
56 36 6
56 86 2
56 45 67
56 76 54
56 6 12
56 33 63
56 115 46
56 131 92
56 34 29
56 63 37
56 27 88
56 123 72
56 70 10
56 20 22
56 128 77
56 71 37
64 1 17
64 87 43
64 9 12
64 22 23
64 60 38
64 107 72
64 88 96
64 75 28
64 53 88
64 66 42
64 122 26
64 47 73
64 68 30
64 32 23
64 110 72
64 12 93
64 109 15
64 24 54
64 18 64
64 15 63
64 2 43
64 19 81
64 119 41
64 65 86
64 62 19
64 49 53
64 93 20
64 112 19
64 125 49
64 46 26
64 51 50
64 124 68
64 58 42
64 100 10
64 130 52
64 108 27
64 73 91
64 116 11
64 56 31
64 104 77
64 43 24
64 136 81
64 74 2
64 21 48
64 55 82
64 57 32
64 11 89
64 42 98
64 135 46
64 26 94
64 50 95
64 16 18
64 10 67
64 36 17
64 86 22
64 45 90
64 76 77
64 6 8
64 33 42
64 115 94
64 131 80
64 34 96
64 63 16
64 27 20
64 123 56
64 70 14
64 20 84
64 128 64
64 71 87
104 1 70
104 87 89
104 9 20
104 22 23
104 60 70
104 107 78
104 88 43
104 75 73
104 53 6
104 66 63
104 122 28
104 47 71
104 68 80
104 32 93
104 110 93
104 12 16
104 109 51
104 24 93
104 18 47
104 15 88
104 2 90
104 19 59
104 119 73
104 65 12
104 62 42
104 49 65
104 93 76
104 112 53
104 125 52
104 46 77
104 51 83
104 124 85
104 58 16
104 100 41
104 130 97
104 108 37
104 73 7
104 116 97
104 56 53
104 64 83
104 43 96
104 136 92
104 74 91
104 21 19
104 55 31
104 57 44
104 11 17
104 42 94
104 135 21
104 26 53
104 50 63
104 16 47
104 10 4
104 36 24
104 86 21
104 45 97
104 76 96
104 6 4
104 33 80
104 115 36
104 131 42
104 34 96
104 63 38
104 27 96
104 123 87
104 70 82
104 20 66
104 128 68
104 71 73
43 1 24
43 87 63
43 9 33
43 22 84
43 60 9
43 107 2
43 88 19
43 75 38
43 53 49
43 66 35
43 122 80
43 47 36
43 68 82
43 32 98
43 110 36
43 12 43
43 109 34
43 24 16
43 18 8
43 15 77
43 2 42
43 19 40
43 119 46
43 65 46
43 62 46
43 49 1
43 93 52
43 112 12
43 125 8
43 46 69
43 51 66
43 124 33
43 58 43
43 100 85
43 130 14
43 108 68
43 73 19
43 116 71
43 56 81
43 64 21
43 104 56
43 136 68
43 74 97
43 21 10
43 55 12
43 57 8
43 11 12
43 42 27
43 135 44
43 26 70
43 50 4
43 16 8
43 10 40
43 36 13
43 86 10
43 45 88
43 76 28
43 6 22
43 33 95
43 115 69
43 131 84
43 34 62
43 63 13
43 27 72
43 123 91
43 70 87
43 20 59
43 128 24
43 71 68
136 1 8
136 87 23
136 9 65
136 22 58
136 60 78
136 107 57
136 88 57
136 75 66
136 53 71
136 66 59
136 122 75
136 47 46
136 68 31
136 32 2
136 110 54
136 12 97
136 109 71
136 24 73
136 18 42
136 15 36
136 2 14
136 19 35
136 119 45
136 65 94
136 62 94
136 49 61
136 93 45
136 112 87
136 125 64
136 46 39
136 51 5
136 124 37
136 58 31
136 100 69
136 130 52
136 108 61
136 73 31
136 116 39
136 56 69
136 64 18
136 104 49
136 43 40
136 74 56
136 21 4
136 55 14
136 57 30
136 11 2
136 42 61
136 135 15
136 26 42
136 50 7
136 16 94
136 10 18
136 36 68
136 86 100
136 45 33
136 76 88
136 6 85
136 33 12
136 115 90
136 131 83
136 34 45
136 63 96
136 27 56
136 123 25
136 70 14
136 20 63
136 128 69
136 71 81
74 1 92
74 87 16
74 9 67
74 22 42
74 60 7
74 107 26
74 88 91
74 75 49
74 53 52
74 66 51
74 122 39
74 47 5
74 68 65
74 32 94
74 110 78
74 12 99
74 109 76
74 24 65
74 18 68
74 15 81
74 2 32
74 19 50
74 119 94
74 65 27
74 62 13
74 49 85
74 93 58
74 112 23
74 125 77
74 46 35
74 51 57
74 124 77
74 58 94
74 100 88
74 130 40
74 108 7
74 73 17
74 116 42
74 56 15
74 64 99
74 104 18
74 43 74
74 136 42
74 21 94
74 55 7
74 57 18
74 11 88
74 42 54
74 135 69
74 26 13
74 50 9
74 16 97
74 10 10
74 36 24
74 86 61
74 45 47
74 76 7
74 6 61
74 33 94
74 115 50
74 131 48
74 34 62
74 63 5
74 27 6
74 123 99
74 70 53
74 20 23
74 128 50
74 71 31
21 1 35
21 87 100
21 9 66
21 22 51
21 60 6
21 107 59
21 88 81
21 75 58
21 53 44
21 66 96
21 122 31
21 47 91
21 68 82
21 32 31
21 110 74
21 12 81
21 109 23
21 24 49
21 18 1
21 15 97
21 2 82
21 19 63
21 119 13
21 65 62
21 62 96
21 49 72
21 93 85
21 112 40
21 125 73
21 46 49
21 51 72
21 124 10
21 58 21
21 100 5
21 130 24
21 108 13
21 73 70
21 116 83
21 56 50
21 64 96
21 104 77
21 43 76
21 136 10
21 74 39
21 55 92
21 57 70
21 11 73
21 42 82
21 135 20
21 26 7
21 50 42
21 16 95
21 10 94
21 36 51
21 86 93
21 45 9
21 76 93
21 6 88
21 33 29
21 115 48
21 131 46
21 34 23
21 63 26
21 27 7
21 123 61
21 70 95
21 20 79
21 128 82
21 71 30
55 1 13
55 87 4
55 9 11
55 22 83
55 60 5
55 107 20
55 88 55
55 75 28
55 53 13
55 66 34
55 122 10
55 47 54
55 68 34
55 32 42
55 110 52
55 12 67
55 109 54
55 24 39
55 18 14
55 15 30
55 2 52
55 19 84
55 119 1
55 65 59
55 62 15
55 49 54
55 93 100
55 112 18
55 125 28
55 46 10
55 51 99
55 124 81
55 58 99
55 100 13
55 130 62
55 108 55
55 73 99
55 116 48
55 56 14
55 64 40
55 104 28
55 43 53
55 136 41
55 74 17
55 21 33
55 57 26
55 11 22
55 42 28
55 135 30
55 26 26
55 50 40
55 16 2
55 10 15
55 36 51
55 86 94
55 45 42
55 76 36
55 6 28
55 33 69
55 115 11
55 131 97
55 34 5
55 63 3
55 27 16
55 123 93
55 70 18
55 20 14
55 128 35
55 71 1
57 1 95
57 87 89
57 9 87
57 22 12
57 60 47
57 107 90
57 88 13
57 75 80
57 53 65
57 66 14
57 122 6
57 47 21
57 68 74
57 32 90
57 110 28
57 12 23
57 109 22
57 24 36
57 18 37
57 15 27
57 2 56
57 19 57
57 119 33
57 65 95
57 62 81
57 49 33
57 93 25
57 112 19
57 125 2
57 46 56
57 51 68
57 124 54
57 58 66
57 100 44
57 130 19
57 108 17
57 73 29
57 116 60
57 56 45
57 64 22
57 104 18
57 43 88
57 136 100
57 74 85
57 21 63
57 55 94
57 11 18
57 42 34
57 135 35
57 26 19
57 50 87
57 16 17
57 10 63
57 36 6
57 86 90
57 45 32
57 76 14
57 6 54
57 33 35
57 115 2
57 131 8
57 34 86
57 63 19
57 27 1
57 123 38
57 70 40
57 20 27
57 128 63
57 71 47
11 1 67
11 87 83
11 9 24
11 22 31
11 60 66
11 107 60
11 88 94
11 75 4
11 53 15
11 66 54
11 122 54
11 47 85
11 68 34
11 32 28
11 110 61
11 12 5
11 109 100
11 24 85
11 18 95
11 15 46
11 2 45
11 19 71
11 119 2
11 65 99
11 62 29
11 49 60
11 93 51
11 112 5
11 125 26
11 46 90
11 51 32
11 124 17
11 58 91
11 100 59
11 130 83
11 108 26
11 73 62
11 116 77
11 56 63
11 64 96
11 104 38
11 43 73
11 136 80
11 74 39
11 21 48
11 55 41
11 57 59
11 42 88
11 135 43
11 26 43
11 50 29
11 16 8
11 10 36
11 36 87
11 86 52
11 45 28
11 76 35
11 6 10
11 33 41
11 115 27
11 131 99
11 34 87
11 63 88
11 27 7
11 123 70
11 70 21
11 20 2
11 128 81
11 71 33
42 1 8
42 87 30
42 9 52
42 22 14
42 60 49
42 107 100
42 88 34
42 75 20
42 53 20
42 66 1
42 122 74
42 47 55
42 68 50
42 32 29
42 110 14
42 12 19
42 109 42
42 24 71
42 18 20
42 15 52
42 2 96
42 19 44
42 119 49
42 65 24
42 62 21
42 49 24
42 93 64
42 112 78
42 125 86
42 46 25
42 51 93
42 124 75
42 58 24
42 100 6
42 130 81
42 108 43
42 73 17
42 116 100
42 56 56
42 64 63
42 104 41
42 43 48
42 136 38
42 74 73
42 21 2
42 55 6
42 57 49
42 11 38
42 135 4
42 26 63
42 50 35
42 16 98
42 10 3
42 36 25
42 86 20
42 45 56
42 76 25
42 6 78
42 33 1
42 115 16
42 131 84
42 34 9
42 63 14
42 27 56
42 123 65
42 70 28
42 20 8
42 128 82
42 71 61
135 1 84
135 87 58
135 9 59
135 22 48
135 60 57
135 107 35
135 88 10
135 75 61
135 53 37
135 66 81
135 122 92
135 47 97
135 68 46
135 32 78
135 110 89
135 12 56
135 109 57
135 24 30
135 18 78
135 15 2
135 2 5
135 19 26
135 119 56
135 65 15
135 62 46
135 49 72
135 93 73
135 112 62
135 125 4
135 46 8
135 51 43
135 124 97
135 58 9
135 100 9
135 130 60
135 108 46
135 73 39
135 116 18
135 56 72
135 64 36
135 104 18
135 43 33
135 136 13
135 74 33
135 21 66
135 55 68
135 57 24
135 11 6
135 42 74
135 26 47
135 50 99
135 16 33
135 10 27
135 36 54
135 86 92
135 45 92
135 76 90
135 6 54
135 33 48
135 115 38
135 131 29
135 34 47
135 63 47
135 27 47
135 123 63
135 70 73
135 20 38
135 128 82
135 71 40
26 1 64
26 87 85
26 9 29
26 22 80
26 60 4
26 107 88
26 88 96
26 75 52
26 53 75
26 66 15
26 122 2
26 47 84
26 68 30
26 32 24
26 110 79
26 12 79
26 109 21
26 24 2
26 18 2
26 15 43
26 2 38
26 19 46
26 119 33
26 65 6
26 62 47
26 49 48
26 93 97
26 112 76
26 125 98
26 46 88
26 51 13
26 124 71
26 58 46
26 100 21
26 130 23
26 108 41
26 73 62
26 116 73
26 56 31
26 64 4
26 104 77
26 43 38
26 136 85
26 74 17
26 21 42
26 55 50
26 57 67
26 11 66
26 42 90
26 135 24
26 50 30
26 16 1
26 10 75
26 36 34
26 86 79
26 45 42
26 76 61
26 6 31
26 33 22
26 115 29
26 131 40
26 34 28
26 63 53
26 27 30
26 123 68
26 70 8
26 20 70
26 128 48
26 71 69
50 1 34
50 87 67
50 9 63
50 22 87
50 60 64
50 107 56
50 88 38
50 75 67
50 53 69
50 66 95
50 122 82
50 47 48
50 68 64
50 32 11
50 110 19
50 12 25
50 109 53
50 24 54
50 18 54
50 15 30
50 2 56
50 19 27
50 119 100
50 65 8
50 62 28
50 49 18
50 93 98
50 112 14
50 125 4
50 46 1
50 51 21
50 124 62
50 58 57
50 100 36
50 130 92
50 108 84
50 73 37
50 116 39
50 56 53
50 64 62
50 104 13
50 43 94
50 136 38
50 74 8
50 21 2
50 55 65
50 57 56
50 11 65
50 42 33
50 135 38
50 26 14
50 16 64
50 10 91
50 36 36
50 86 87
50 45 36
50 76 68
50 6 47
50 33 61
50 115 100
50 131 20
50 34 9
50 63 20
50 27 61
50 123 71
50 70 57
50 20 58
50 128 86
50 71 15
16 1 22
16 87 82
16 9 33
16 22 55
16 60 15
16 107 33
16 88 76
16 75 25
16 53 28
16 66 6
16 122 95
16 47 17
16 68 21
16 32 29
16 110 64
16 12 28
16 109 48
16 24 88
16 18 16
16 15 66
16 2 4
16 19 79
16 119 84
16 65 24
16 62 29
16 49 24
16 93 60
16 112 69
16 125 32
16 46 45
16 51 25
16 124 2
16 58 94
16 100 47
16 130 7
16 108 65
16 73 26
16 116 74
16 56 83
16 64 43
16 104 96
16 43 86
16 136 81
16 74 35
16 21 19
16 55 88
16 57 99
16 11 48
16 42 67
16 135 32
16 26 71
16 50 60
16 10 82
16 36 75
16 86 31
16 45 49
16 76 56
16 6 81
16 33 9
16 115 8
16 131 7
16 34 13
16 63 40
16 27 38
16 123 21
16 70 12
16 20 6
16 128 2
16 71 5
10 1 70
10 87 4
10 9 9
10 22 11
10 60 23
10 107 82
10 88 71
10 75 42
10 53 18
10 66 9
10 122 9
10 47 58
10 68 63
10 32 86
10 110 10
10 12 55
10 109 55
10 24 91
10 18 82
10 15 68
10 2 16
10 19 94
10 119 10
10 65 5
10 62 5
10 49 85
10 93 33
10 112 19
10 125 64
10 46 73
10 51 94
10 124 73
10 58 93
10 100 53
10 130 38
10 108 100
10 73 40
10 116 3
10 56 80
10 64 39
10 104 39
10 43 100
10 136 22
10 74 92
10 21 86
10 55 67
10 57 88
10 11 64
10 42 4
10 135 91
10 26 70
10 50 60
10 16 46
10 36 39
10 86 44
10 45 88
10 76 76
10 6 66
10 33 83
10 115 8
10 131 61
10 34 77
10 63 27
10 27 42
10 123 8
10 70 3
10 20 11
10 128 100
10 71 92
36 1 20
36 87 77
36 9 84
36 22 72
36 60 23
36 107 34
36 88 53
36 75 27
36 53 93
36 66 72
36 122 96
36 47 41
36 68 5
36 32 100
36 110 11
36 12 35
36 109 46
36 24 93
36 18 51
36 15 16
36 2 30
36 19 46
36 119 51
36 65 63
36 62 30
36 49 76
36 93 91
36 112 64
36 125 85
36 46 19
36 51 39
36 124 42
36 58 76
36 100 67
36 130 31
36 108 98
36 73 34
36 116 62
36 56 95
36 64 38
36 104 37
36 43 34
36 136 40
36 74 61
36 21 100
36 55 83
36 57 59
36 11 81
36 42 8
36 135 12
36 26 51
36 50 84
36 16 59
36 10 1
36 86 62
36 45 10
36 76 98
36 6 64
36 33 89
36 115 42
36 131 39
36 34 69
36 63 81
36 27 5
36 123 45
36 70 19
36 20 74
36 128 92
36 71 48
86 1 73
86 87 68
86 9 36
86 22 61
86 60 54
86 107 54
86 88 16
86 75 94
86 53 10
86 66 69
86 122 33
86 47 28
86 68 35
86 32 14
86 110 49
86 12 66
86 109 25
86 24 53
86 18 63
86 15 30
86 2 54
86 19 36
86 119 56
86 65 2
86 62 77
86 49 1
86 93 5
86 112 95
86 125 10
86 46 53
86 51 39
86 124 15
86 58 78
86 100 79
86 130 78
86 108 55
86 73 37
86 116 13
86 56 76
86 64 9
86 104 91
86 43 32
86 136 88
86 74 92
86 21 53
86 55 29
86 57 68
86 11 45
86 42 84
86 135 35
86 26 88
86 50 81
86 16 82
86 10 89
86 36 23
86 45 8
86 76 27
86 6 19
86 33 93
86 115 95
86 131 77
86 34 68
86 63 87
86 27 7
86 123 67
86 70 51
86 20 82
86 128 54
86 71 83
45 1 34
45 87 54
45 9 29
45 22 83
45 60 51
45 107 90
45 88 89
45 75 100
45 53 15
45 66 13
45 122 60
45 47 49
45 68 98
45 32 34
45 110 11
45 12 40
45 109 6
45 24 71
45 18 7
45 15 38
45 2 79
45 19 93
45 119 100
45 65 52
45 62 73
45 49 5
45 93 96
45 112 15
45 125 76
45 46 27
45 51 10
45 124 37
45 58 48
45 100 22
45 130 9
45 108 79
45 73 93
45 116 17
45 56 6
45 64 12
45 104 92
45 43 80
45 136 38
45 74 62
45 21 93
45 55 32
45 57 61
45 11 30
45 42 23
45 135 44
45 26 45
45 50 83
45 16 19
45 10 52
45 36 39
45 86 40
45 76 51
45 6 21
45 33 99
45 115 90
45 131 9
45 34 9
45 63 51
45 27 93
45 123 12
45 70 48
45 20 57
45 128 88
45 71 94
76 1 68
76 87 57
76 9 99
76 22 18
76 60 87
76 107 56
76 88 4
76 75 64
76 53 95
76 66 93
76 122 56
76 47 82
76 68 76
76 32 95
76 110 22
76 12 67
76 109 1
76 24 84
76 18 19
76 15 45
76 2 2
76 19 81
76 119 21
76 65 59
76 62 6
76 49 87
76 93 60
76 112 45
76 125 28
76 46 80
76 51 20
76 124 80
76 58 63
76 100 31
76 130 30
76 108 84
76 73 21
76 116 55
76 56 39
76 64 26
76 104 78
76 43 84
76 136 94
76 74 8
76 21 97
76 55 7
76 57 76
76 11 51
76 42 98
76 135 2
76 26 7
76 50 34
76 16 70
76 10 60
76 36 90
76 86 95
76 45 26
76 6 49
76 33 76
76 115 17
76 131 65
76 34 90
76 63 23
76 27 95
76 123 56
76 70 22
76 20 70
76 128 94
76 71 41
6 1 92
6 87 73
6 9 89
6 22 51
6 60 95
6 107 20
6 88 54
6 75 24
6 53 57
6 66 11
6 122 67
6 47 94
6 68 53
6 32 52
6 110 55
6 12 53
6 109 35
6 24 59
6 18 24
6 15 90
6 2 76
6 19 56
6 119 12
6 65 50
6 62 58
6 49 54
6 93 79
6 112 55
6 125 87
6 46 85
6 51 34
6 124 19
6 58 24
6 100 63
6 130 13
6 108 72
6 73 32
6 116 34
6 56 9
6 64 56
6 104 5
6 43 11
6 136 96
6 74 74
6 21 46
6 55 71
6 57 43
6 11 5
6 42 89
6 135 50
6 26 68
6 50 21
6 16 38
6 10 29
6 36 41
6 86 32
6 45 51
6 76 18
6 33 45
6 115 49
6 131 96
6 34 19
6 63 65
6 27 1
6 123 41
6 70 74
6 20 38
6 128 94
6 71 8
33 1 12
33 87 94
33 9 52
33 22 15
33 60 19
33 107 9
33 88 64
33 75 70
33 53 70
33 66 54
33 122 46
33 47 40
33 68 35
33 32 62
33 110 47
33 12 13
33 109 47
33 24 9
33 18 77
33 15 43
33 2 71
33 19 30
33 119 51
33 65 23
33 62 39
33 49 38
33 93 51
33 112 22
33 125 31
33 46 62
33 51 61
33 124 76
33 58 98
33 100 90
33 130 40
33 108 12
33 73 39
33 116 62
33 56 56
33 64 100
33 104 49
33 43 6
33 136 29
33 74 97
33 21 96
33 55 92
33 57 17
33 11 87
33 42 59
33 135 56
33 26 91
33 50 93
33 16 63
33 10 16
33 36 8
33 86 99
33 45 88
33 76 71
33 6 81
33 115 74
33 131 41
33 34 82
33 63 66
33 27 34
33 123 86
33 70 22
33 20 66
33 128 62
33 71 17
115 1 19
115 87 12
115 9 88
115 22 92
115 60 18
115 107 17
115 88 36
115 75 23
115 53 74
115 66 100
115 122 7
115 47 41
115 68 69
115 32 90
115 110 26
115 12 56
115 109 38
115 24 31
115 18 12
115 15 26
115 2 45
115 19 39
115 119 6
115 65 27
115 62 90
115 49 23
115 93 18
115 112 39
115 125 6
115 46 5
115 51 7
115 124 77
115 58 64
115 100 34
115 130 32
115 108 29
115 73 44
115 116 59
115 56 88
115 64 55
115 104 69
115 43 68
115 136 13
115 74 51
115 21 63
115 55 21
115 57 53
115 11 39
115 42 85
115 135 66
115 26 86
115 50 49
115 16 42
115 10 68
115 36 28
115 86 21
115 45 45
115 76 19
115 6 36
115 33 97
115 131 71
115 34 92
115 63 100
115 27 30
115 123 74
115 70 67
115 20 34
115 128 3
115 71 97
131 1 67
131 87 12
131 9 62
131 22 6
131 60 17
131 107 2
131 88 96
131 75 10
131 53 40
131 66 31
131 122 23
131 47 56
131 68 67
131 32 51
131 110 82
131 12 32
131 109 86
131 24 71
131 18 75
131 15 70
131 2 44
131 19 53
131 119 57
131 65 100
131 62 64
131 49 100
131 93 9
131 112 99
131 125 57
131 46 59
131 51 9
131 124 12
131 58 83
131 100 55
131 130 56
131 108 22
131 73 12
131 116 10
131 56 90
131 64 13
131 104 82
131 43 83
131 136 22
131 74 60
131 21 76
131 55 19
131 57 51
131 11 18
131 42 61
131 135 24
131 26 23
131 50 19
131 16 93
131 10 37
131 36 89
131 86 82
131 45 12
131 76 91
131 6 12
131 33 50
131 115 12
131 34 60
131 63 89
131 27 52
131 123 98
131 70 46
131 20 90
131 128 30
131 71 71
34 1 15
34 87 54
34 9 47
34 22 65
34 60 56
34 107 1
34 88 70
34 75 89
34 53 46
34 66 54
34 122 89
34 47 45
34 68 63
34 32 72
34 110 61
34 12 39
34 109 27
34 24 69
34 18 7
34 15 35
34 2 99
34 19 7
34 119 28
34 65 46
34 62 89
34 49 40
34 93 4
34 112 38
34 125 1
34 46 59
34 51 57
34 124 74
34 58 70
34 100 26
34 130 27
34 108 28
34 73 26
34 116 30
34 56 72
34 64 56
34 104 2
34 43 100
34 136 47
34 74 86
34 21 35
34 55 47
34 57 99
34 11 28
34 42 74
34 135 51
34 26 34
34 50 79
34 16 99
34 10 61
34 36 7
34 86 17
34 45 35
34 76 68
34 6 71
34 33 50
34 115 38
34 131 30
34 63 29
34 27 39
34 123 60
34 70 5
34 20 27
34 128 63
34 71 11
63 1 39
63 87 70
63 9 58
63 22 77
63 60 40
63 107 96
63 88 19
63 75 92
63 53 48
63 66 32
63 122 26
63 47 53
63 68 32
63 32 45
63 110 54
63 12 85
63 109 77
63 24 29
63 18 55
63 15 78
63 2 63
63 19 38
63 119 11
63 65 36
63 62 17
63 49 32
63 93 25
63 112 79
63 125 21
63 46 83
63 51 45
63 124 14
63 58 85
63 100 21
63 130 58
63 108 52
63 73 73
63 116 79
63 56 97
63 64 32
63 104 100
63 43 25
63 136 17
63 74 59
63 21 7
63 55 13
63 57 49
63 11 66
63 42 43
63 135 51
63 26 10
63 50 4
63 16 50
63 10 80
63 36 52
63 86 8
63 45 37
63 76 4
63 6 73
63 33 82
63 115 94
63 131 10
63 34 23
63 27 57
63 123 88
63 70 10
63 20 10
63 128 45
63 71 80
27 1 16
27 87 50
27 9 28
27 22 5
27 60 57
27 107 81
27 88 88
27 75 27
27 53 81
27 66 100
27 122 29
27 47 45
27 68 92
27 32 4
27 110 34
27 12 85
27 109 72
27 24 37
27 18 31
27 15 36
27 2 88
27 19 15
27 119 35
27 65 56
27 62 91
27 49 98
27 93 27
27 112 18
27 125 22
27 46 83
27 51 85
27 124 59
27 58 100
27 100 66
27 130 7
27 108 50
27 73 28
27 116 8
27 56 38
27 64 72
27 104 62
27 43 78
27 136 94
27 74 36
27 21 86
27 55 65
27 57 93
27 11 94
27 42 71
27 135 34
27 26 8
27 50 97
27 16 62
27 10 84
27 36 62
27 86 100
27 45 54
27 76 97
27 6 79
27 33 82
27 115 24
27 131 78
27 34 22
27 63 91
27 123 94
27 70 40
27 20 8
27 128 21
27 71 28
123 1 86
123 87 67
123 9 8
123 22 23
123 60 25
123 107 3
123 88 53
123 75 19
123 53 77
123 66 35
123 122 59
123 47 57
123 68 38
123 32 52
123 110 84
123 12 98
123 109 92
123 24 95
123 18 21
123 15 23
123 2 45
123 19 86
123 119 63
123 65 92
123 62 38
123 49 73
123 93 54
123 112 93
123 125 15
123 46 44
123 51 66
123 124 22
123 58 7
123 100 64
123 130 84
123 108 75
123 73 90
123 116 54
123 56 99
123 64 46
123 104 31
123 43 70
123 136 68
123 74 99
123 21 51
123 55 10
123 57 65
123 11 54
123 42 24
123 135 47
123 26 15
123 50 20
123 16 43
123 10 45
123 36 28
123 86 30
123 45 64
123 76 32
123 6 99
123 33 22
123 115 9
123 131 33
123 34 41
123 63 96
123 27 41
123 70 97
123 20 79
123 128 12
123 71 28
70 1 1
70 87 34
70 9 70
70 22 58
70 60 48
70 107 65
70 88 91
70 75 6
70 53 57
70 66 13
70 122 40
70 47 91
70 68 89
70 32 53
70 110 39
70 12 4
70 109 30
70 24 47
70 18 40
70 15 56
70 2 55
70 19 26
70 119 31
70 65 98
70 62 1
70 49 56
70 93 23
70 112 25
70 125 2
70 46 12
70 51 45
70 124 25
70 58 96
70 100 2
70 130 37
70 108 48
70 73 47
70 116 38
70 56 25
70 64 71
70 104 43
70 43 31
70 136 13
70 74 95
70 21 85
70 55 50
70 57 36
70 11 70
70 42 57
70 135 94
70 26 66
70 50 81
70 16 77
70 10 92
70 36 36
70 86 84
70 45 36
70 76 88
70 6 13
70 33 50
70 115 36
70 131 19
70 34 21
70 63 39
70 27 91
70 123 24
70 20 35
70 128 20
70 71 55
20 1 94
20 87 50
20 9 5
20 22 54
20 60 86
20 107 100
20 88 63
20 75 23
20 53 57
20 66 32
20 122 66
20 47 87
20 68 22
20 32 91
20 110 47
20 12 66
20 109 26
20 24 58
20 18 14
20 15 82
20 2 93
20 19 12
20 119 47
20 65 70
20 62 19
20 49 57
20 93 88
20 112 57
20 125 86
20 46 89
20 51 12
20 124 8
20 58 93
20 100 75
20 130 31
20 108 49
20 73 15
20 116 100
20 56 21
20 64 82
20 104 52
20 43 72
20 136 36
20 74 17
20 21 70
20 55 3
20 57 96
20 11 14
20 42 86
20 135 97
20 26 20
20 50 29
20 16 95
20 10 34
20 36 63
20 86 40
20 45 88
20 76 60
20 6 66
20 33 36
20 115 1
20 131 57
20 34 32
20 63 81
20 27 67
20 123 56
20 70 64
20 128 8
20 71 98
128 1 99
128 87 37
128 9 16
128 22 32
128 60 76
128 107 27
128 88 42
128 75 100
128 53 53
128 66 43
128 122 76
128 47 88
128 68 31
128 32 44
128 110 79
128 12 65
128 109 26
128 24 96
128 18 91
128 15 1
128 2 35
128 19 88
128 119 42
128 65 20
128 62 22
128 49 66
128 93 8
128 112 58
128 125 47
128 46 31
128 51 41
128 124 84
128 58 51
128 100 77
128 130 22
128 108 42
128 73 23
128 116 6
128 56 19
128 64 1
128 104 79
128 43 47
128 136 44
128 74 40
128 21 13
128 55 69
128 57 66
128 11 57
128 42 18
128 135 61
128 26 35
128 50 56
128 16 42
128 10 29
128 36 74
128 86 24
128 45 68
128 76 45
128 6 79
128 33 48
128 115 98
128 131 23
128 34 99
128 63 17
128 27 12
128 123 46
128 70 98
128 20 72
128 71 35
71 1 95
71 87 67
71 9 59
71 22 77
71 60 20
71 107 58
71 88 22
71 75 50
71 53 65
71 66 91
71 122 48
71 47 50
71 68 74
71 32 66
71 110 4
71 12 84
71 109 57
71 24 83
71 18 26
71 15 26
71 2 48
71 19 20
71 119 47
71 65 89
71 62 64
71 49 60
71 93 48
71 112 39
71 125 13
71 46 4
71 51 26
71 124 94
71 58 4
71 100 77
71 130 60
71 108 52
71 73 73
71 116 60
71 56 19
71 64 26
71 104 93
71 43 89
71 136 39
71 74 100
71 21 85
71 55 14
71 57 15
71 11 30
71 42 73
71 135 21
71 26 56
71 50 87
71 16 60
71 10 66
71 36 34
71 86 58
71 45 47
71 76 11
71 6 68
71 33 32
71 115 28
71 131 74
71 34 92
71 63 12
71 27 91
71 123 23
71 70 24
71 20 60
71 128 47
140 129 30
140 35 80
140 14 17
140 91 79
140 101 97
140 138 6
140 67 100
140 77 24
140 29 70
140 79 6
140 31 22
140 98 84
140 17 75
140 4 93
140 97 31
140 118 56
140 105 59
140 114 2
140 40 39
140 81 80
140 132 78
140 83 2
140 103 100
140 133 99
140 113 60
140 85 21
140 38 3
140 126 22
140 59 87
140 89 64
140 41 71
140 7 3
140 96 6
140 44 85
140 28 90
140 54 27
140 5 82
140 13 30
140 95 5
140 48 56
140 30 84
140 120 22
140 69 62
140 92 78
140 39 78
140 3 91
140 84 60
140 23 48
140 78 17
140 139 89
140 111 44
140 106 84
140 52 96
140 117 89
140 134 15
140 102 83
140 94 21
140 37 8
140 25 94
140 99 60
140 90 56
140 8 58
140 127 53
140 137 28
140 72 48
140 82 80
140 121 34
140 80 50
140 61 63
129 140 58
129 35 96
129 14 48
129 91 43
129 101 83
129 138 79
129 67 59
129 77 87
129 29 7
129 79 5
129 31 66
129 98 93
129 17 81
129 4 48
129 97 34
129 118 53
129 105 72
129 114 28
129 40 66
129 81 42
129 132 52
129 83 55
129 103 68
129 133 68
129 113 74
129 85 40
129 38 79
129 126 46
129 59 81
129 89 70
129 41 63
129 7 78
129 96 66
129 44 49
129 28 94
129 54 52
129 5 2
129 13 36
129 95 95
129 48 86
129 30 94
129 120 3
129 69 77
129 92 21
129 39 19
129 3 4
129 84 100
129 23 1
129 78 43
129 139 93
129 111 64
129 106 100
129 52 68
129 117 96
129 134 46
129 102 8
129 94 77
129 37 36
129 25 91
129 99 31
129 90 78
129 8 39
129 127 82
129 137 97
129 72 36
129 82 73
129 121 12
129 80 24
129 61 70
35 140 87
35 129 68
35 14 98
35 91 69
35 101 7
35 138 46
35 67 69
35 77 72
35 29 58
35 79 72
35 31 23
35 98 1
35 17 19
35 4 95
35 97 34
35 118 69
35 105 15
35 114 12
35 40 28
35 81 81
35 132 1
35 83 41
35 103 77
35 133 27
35 113 93
35 85 93
35 38 42
35 126 40
35 59 33
35 89 3
35 41 18
35 7 16
35 96 49
35 44 31
35 28 53
35 54 30
35 5 87
35 13 67
35 95 59
35 48 56
35 30 85
35 120 17
35 69 76
35 92 93
35 39 39
35 3 97
35 84 56
35 23 93
35 78 13
35 139 93
35 111 63
35 106 26
35 52 18
35 117 46
35 134 48
35 102 15
35 94 33
35 37 12
35 25 11
35 99 33
35 90 39
35 8 67
35 127 13
35 137 8
35 72 85
35 82 62
35 121 77
35 80 85
35 61 24
14 140 41
14 129 79
14 35 66
14 91 28
14 101 4
14 138 45
14 67 88
14 77 70
14 29 46
14 79 82
14 31 79
14 98 68
14 17 35
14 4 83
14 97 97
14 118 74
14 105 66
14 114 23
14 40 94
14 81 37
14 132 1
14 83 1
14 103 25
14 133 68
14 113 20
14 85 52
14 38 55
14 126 34
14 59 84
14 89 55
14 41 96
14 7 2
14 96 8
14 44 31
14 28 81
14 54 43
14 5 65
14 13 58
14 95 44
14 48 55
14 30 69
14 120 38
14 69 46
14 92 22
14 39 73
14 3 81
14 84 61
14 23 27
14 78 32
14 139 69
14 111 16
14 106 18
14 52 79
14 117 41
14 134 59
14 102 17
14 94 96
14 37 56
14 25 19
14 99 14
14 90 94
14 8 46
14 127 95
14 137 80
14 72 66
14 82 31
14 121 34
14 80 20
14 61 27
91 140 61
91 129 80
91 35 37
91 14 34
91 101 2
91 138 52
91 67 32
91 77 65
91 29 33
91 79 58
91 31 18
91 98 25
91 17 29
91 4 39
91 97 63
91 118 69
91 105 62
91 114 82
91 40 91
91 81 55
91 132 18
91 83 50
91 103 96
91 133 5
91 113 10
91 85 15
91 38 31
91 126 39
91 59 83
91 89 54
91 41 35
91 7 73
91 96 98
91 44 33
91 28 6
91 54 15
91 5 84
91 13 69
91 95 2
91 48 89
91 30 62
91 120 88
91 69 96
91 92 68
91 39 34
91 3 93
91 84 17
91 23 19
91 78 97
91 139 97
91 111 68
91 106 22
91 52 25
91 117 23
91 134 46
91 102 27
91 94 4
91 37 62
91 25 7
91 99 34
91 90 78
91 8 72
91 127 98
91 137 66
91 72 65
91 82 79
91 121 62
91 80 74
91 61 88
101 140 88
101 129 5
101 35 32
101 14 53
101 91 71
101 138 16
101 67 64
101 77 68
101 29 40
101 79 99
101 31 86
101 98 95
101 17 84
101 4 97
101 97 36
101 118 35
101 105 38
101 114 8
101 40 79
101 81 53
101 132 38
101 83 9
101 103 54
101 133 69
101 113 57
101 85 92
101 38 52
101 126 16
101 59 37
101 89 35
101 41 86
101 7 63
101 96 44
101 44 51
101 28 33
101 54 99
101 5 22
101 13 29
101 95 3
101 48 13
101 30 37
101 120 51
101 69 92
101 92 36
101 39 23
101 3 5
101 84 37
101 23 77
101 78 89
101 139 73
101 111 80
101 106 57
101 52 28
101 117 29
101 134 7
101 102 85
101 94 19
101 37 96
101 25 40
101 99 3
101 90 78
101 8 95
101 127 46
101 137 74
101 72 41
101 82 47
101 121 7
101 80 71
101 61 12
138 140 91
138 129 35
138 35 12
138 14 88
138 91 10
138 101 99
138 67 51
138 77 11
138 29 48
138 79 71
138 31 98
138 98 54
138 17 32
138 4 84
138 97 45
138 118 50
138 105 20
138 114 49
138 40 64
138 81 13
138 132 47
138 83 43
138 103 94
138 133 66
138 113 85
138 85 74
138 38 23
138 126 67
138 59 3
138 89 63
138 41 90
138 7 14
138 96 55
138 44 31
138 28 78
138 54 87
138 5 81
138 13 79
138 95 21
138 48 97
138 30 21
138 120 32
138 69 68
138 92 98
138 39 60
138 3 99
138 84 77
138 23 22
138 78 1
138 139 77
138 111 45
138 106 50
138 52 49
138 117 43
138 134 6
138 102 60
138 94 61
138 37 89
138 25 25
138 99 36
138 90 27
138 8 66
138 127 68
138 137 13
138 72 67
138 82 48
138 121 77
138 80 71
138 61 38
67 140 19
67 129 63
67 35 44
67 14 94
67 91 72
67 101 27
67 138 14
67 77 100
67 29 49
67 79 41
67 31 48
67 98 98
67 17 81
67 4 94
67 97 8
67 118 100
67 105 78
67 114 43
67 40 27
67 81 6
67 132 55
67 83 96
67 103 40
67 133 79
67 113 69
67 85 22
67 38 34
67 126 20
67 59 57
67 89 73
67 41 44
67 7 72
67 96 9
67 44 53
67 28 5
67 54 79
67 5 29
67 13 48
67 95 23
67 48 32
67 30 45
67 120 59
67 69 58
67 92 16
67 39 66
67 3 3
67 84 56
67 23 5
67 78 48
67 139 97
67 111 36
67 106 78
67 52 97
67 117 5
67 134 44
67 102 4
67 94 1
67 37 39
67 25 51
67 99 63
67 90 6
67 8 90
67 127 7
67 137 51
67 72 19
67 82 27
67 121 39
67 80 77
67 61 43
77 140 18
77 129 93
77 35 23
77 14 20
77 91 4
77 101 73
77 138 95
77 67 54
77 29 21
77 79 56
77 31 8
77 98 56
77 17 1
77 4 12
77 97 85
77 118 46
77 105 77
77 114 7
77 40 40
77 81 89
77 132 13
77 83 61
77 103 14
77 133 5
77 113 67
77 85 40
77 38 20
77 126 56
77 59 45
77 89 93
77 41 51
77 7 79
77 96 64
77 44 94
77 28 17
77 54 14
77 5 97
77 13 49
77 95 62
77 48 23
77 30 29
77 120 29
77 69 93
77 92 40
77 39 54
77 3 75
77 84 95
77 23 41
77 78 47
77 139 87
77 111 44
77 106 36
77 52 46
77 117 82
77 134 91
77 102 55
77 94 19
77 37 4
77 25 10
77 99 64
77 90 52
77 8 31
77 127 91
77 137 51
77 72 38
77 82 73
77 121 29
77 80 68
77 61 36
29 140 4
29 129 22
29 35 66
29 14 58
29 91 37
29 101 69
29 138 65
29 67 6
29 77 96
29 79 33
29 31 24
29 98 31
29 17 61
29 4 38
29 97 32
29 118 74
29 105 16
29 114 24
29 40 46
29 81 13
29 132 96
29 83 88
29 103 99
29 133 38
29 113 23
29 85 82
29 38 12
29 126 84
29 59 31
29 89 44
29 41 28
29 7 42
29 96 67
29 44 21
29 28 84
29 54 86
29 5 95
29 13 43
29 95 36
29 48 93
29 30 65
29 120 72
29 69 71
29 92 11
29 39 50
29 3 2
29 84 79
29 23 65
29 78 63
29 139 44
29 111 71
29 106 7
29 52 19
29 117 75
29 134 78
29 102 38
29 94 32
29 37 27
29 25 6
29 99 38
29 90 93
29 8 84
29 127 1
29 137 64
29 72 50
29 82 95
29 121 88
29 80 39
29 61 29
79 140 8
79 129 81
79 35 27
79 14 2
79 91 54
79 101 63
79 138 82
79 67 58
79 77 86
79 29 28
79 31 46
79 98 26
79 17 17
79 4 1
79 97 43
79 118 17
79 105 94
79 114 25
79 40 55
79 81 46
79 132 93
79 83 11
79 103 44
79 133 11
79 113 83
79 85 53
79 38 99
79 126 85
79 59 50
79 89 93
79 41 99
79 7 58
79 96 80
79 44 22
79 28 96
79 54 59
79 5 64
79 13 77
79 95 97
79 48 6
79 30 13
79 120 48
79 69 2
79 92 99
79 39 28
79 3 87
79 84 18
79 23 39
79 78 63
79 139 99
79 111 100
79 106 2
79 52 42
79 117 66
79 134 46
79 102 9
79 94 75
79 37 32
79 25 9
79 99 47
79 90 12
79 8 64
79 127 32
79 137 47
79 72 86
79 82 51
79 121 46
79 80 77
79 61 28
31 140 94
31 129 54
31 35 68
31 14 25
31 91 22
31 101 71
31 138 64
31 67 59
31 77 68
31 29 20
31 79 97
31 98 38
31 17 40
31 4 28
31 97 53
31 118 24
31 105 33
31 114 17
31 40 75
31 81 33
31 132 53
31 83 93
31 103 70
31 133 65
31 113 4
31 85 11
31 38 40
31 126 78
31 59 17
31 89 34
31 41 95
31 7 85
31 96 78
31 44 17
31 28 64
31 54 68
31 5 83
31 13 16
31 95 43
31 48 15
31 30 28
31 120 47
31 69 15
31 92 2
31 39 10
31 3 69
31 84 8
31 23 62
31 78 100
31 139 75
31 111 16
31 106 4
31 52 18
31 117 44
31 134 99
31 102 2
31 94 54
31 37 64
31 25 22
31 99 60
31 90 5
31 8 42
31 127 20
31 137 88
31 72 44
31 82 88
31 121 16
31 80 11
31 61 70
98 140 97
98 129 19
98 35 57
98 14 94
98 91 75
98 101 52
98 138 1
98 67 11
98 77 58
98 29 84
98 79 4
98 31 6
98 17 27
98 4 38
98 97 44
98 118 31
98 105 38
98 114 81
98 40 67
98 81 2
98 132 97
98 83 36
98 103 68
98 133 46
98 113 93
98 85 96
98 38 11
98 126 32
98 59 59
98 89 76
98 41 84
98 7 11
98 96 20
98 44 44
98 28 13
98 54 61
98 5 5
98 13 73
98 95 20
98 48 66
98 30 80
98 120 99
98 69 37
98 92 60
98 39 9
98 3 93
98 84 67
98 23 14
98 78 53
98 139 40
98 111 32
98 106 100
98 52 34
98 117 40
98 134 80
98 102 70
98 94 49
98 37 27
98 25 8
98 99 56
98 90 6
98 8 94
98 127 14
98 137 75
98 72 89
98 82 6
98 121 67
98 80 25
98 61 81
17 140 49
17 129 9
17 35 87
17 14 22
17 91 64
17 101 23
17 138 76
17 67 96
17 77 87
17 29 48
17 79 97
17 31 13
17 98 13
17 4 19
17 97 67
17 118 84
17 105 97
17 114 28
17 40 33
17 81 21
17 132 82
17 83 77
17 103 70
17 133 8
17 113 36
17 85 45
17 38 59
17 126 53
17 59 76
17 89 30
17 41 62
17 7 43
17 96 38
17 44 100
17 28 15
17 54 40
17 5 50
17 13 43
17 95 85
17 48 22
17 30 64
17 120 37
17 69 26
17 92 21
17 39 18
17 3 50
17 84 23
17 23 59
17 78 16
17 139 11
17 111 9
17 106 8
17 52 43
17 117 45
17 134 67
17 102 51
17 94 16
17 37 3
17 25 33
17 99 78
17 90 25
17 8 33
17 127 46
17 137 41
17 72 55
17 82 2
17 121 70
17 80 90
17 61 9
4 140 68
4 129 79
4 35 67
4 14 95
4 91 37
4 101 49
4 138 73
4 67 44
4 77 89
4 29 82
4 79 51
4 31 47
4 98 26
4 17 61
4 97 29
4 118 80
4 105 53
4 114 65
4 40 55
4 81 41
4 132 84
4 83 80
4 103 62
4 133 27
4 113 98
4 85 68
4 38 95
4 126 21
4 59 49
4 89 32
4 41 90
4 7 62
4 96 77
4 44 72
4 28 67
4 54 33
4 5 50
4 13 88
4 95 18
4 48 46
4 30 83
4 120 43
4 69 50
4 92 78
4 39 44
4 3 73
4 84 31
4 23 41
4 78 72
4 139 57
4 111 48
4 106 44
4 52 12
4 117 100
4 134 50
4 102 62
4 94 69
4 37 59
4 25 41
4 99 73
4 90 1
4 8 54
4 127 15
4 137 9
4 72 55
4 82 26
4 121 41
4 80 2
4 61 21
97 140 57
97 129 12
97 35 48
97 14 47
97 91 64
97 101 38
97 138 23
97 67 20
97 77 5
97 29 78
97 79 56
97 31 25
97 98 19
97 17 9
97 4 59
97 118 22
97 105 62
97 114 48
97 40 99
97 81 12
97 132 50
97 83 99
97 103 37
97 133 33
97 113 100
97 85 69
97 38 90
97 126 1
97 59 34
97 89 44
97 41 92
97 7 64
97 96 98
97 44 77
97 28 97
97 54 58
97 5 10
97 13 90
97 95 18
97 48 9
97 30 83
97 120 55
97 69 92
97 92 29
97 39 40
97 3 28
97 84 25
97 23 38
97 78 42
97 139 18
97 111 90
97 106 38
97 52 29
97 117 73
97 134 39
97 102 36
97 94 11
97 37 62
97 25 85
97 99 45
97 90 86
97 8 95
97 127 28
97 137 64
97 72 51
97 82 37
97 121 29
97 80 99
97 61 95
118 140 27
118 129 11
118 35 45
118 14 7
118 91 91
118 101 78
118 138 34
118 67 25
118 77 86
118 29 2
118 79 64
118 31 59
118 98 62
118 17 1
118 4 54
118 97 74
118 105 85
118 114 40
118 40 10
118 81 59
118 132 61
118 83 79
118 103 95
118 133 59
118 113 75
118 85 76
118 38 78
118 126 60
118 59 24
118 89 85
118 41 80
118 7 17
118 96 78
118 44 24
118 28 18
118 54 29
118 5 95
118 13 78
118 95 33
118 48 57
118 30 27
118 120 59
118 69 21
118 92 48
118 39 24
118 3 99
118 84 96
118 23 63
118 78 46
118 139 17
118 111 19
118 106 46
118 52 26
118 117 37
118 134 7
118 102 63
118 94 10
118 37 89
118 25 78
118 99 49
118 90 30
118 8 24
118 127 25
118 137 58
118 72 47
118 82 12
118 121 2
118 80 80
118 61 64
105 140 28
105 129 52
105 35 79
105 14 30
105 91 38
105 101 99
105 138 38
105 67 51
105 77 32
105 29 94
105 79 21
105 31 31
105 98 90
105 17 56
105 4 32
105 97 39
105 118 71
105 114 10
105 40 19
105 81 6
105 132 7
105 83 83
105 103 25
105 133 16
105 113 40
105 85 22
105 38 66
105 126 15
105 59 83
105 89 73
105 41 89
105 7 36
105 96 85
105 44 22
105 28 51
105 54 15
105 5 26
105 13 93
105 95 45
105 48 1
105 30 13
105 120 9
105 69 57
105 92 99
105 39 36
105 3 7
105 84 61
105 23 41
105 78 13
105 139 79
105 111 27
105 106 45
105 52 31
105 117 93
105 134 62
105 102 59
105 94 33
105 37 54
105 25 42
105 99 49
105 90 86
105 8 85
105 127 36
105 137 7
105 72 59
105 82 83
105 121 6
105 80 32
105 61 52
114 140 68
114 129 78
114 35 52
114 14 34
114 91 5
114 101 36
114 138 53
114 67 70
114 77 99
114 29 5
114 79 40
114 31 42
114 98 29
114 17 55
114 4 14
114 97 79
114 118 27
114 105 99
114 40 1
114 81 55
114 132 53
114 83 21
114 103 21
114 133 73
114 113 89
114 85 50
114 38 52
114 126 47
114 59 26
114 89 52
114 41 5
114 7 78
114 96 80
114 44 43
114 28 52
114 54 32
114 5 2
114 13 89
114 95 32
114 48 60
114 30 1
114 120 42
114 69 71
114 92 44
114 39 35
114 3 21
114 84 51
114 23 44
114 78 40
114 139 3
114 111 73
114 106 34
114 52 92
114 117 80
114 134 36
114 102 77
114 94 18
114 37 49
114 25 6
114 99 93
114 90 13
114 8 77
114 127 2
114 137 60
114 72 89
114 82 94
114 121 47
114 80 95
114 61 13
40 140 8
40 129 34
40 35 39
40 14 53
40 91 6
40 101 19
40 138 56
40 67 69
40 77 4
40 29 54
40 79 11
40 31 92
40 98 75
40 17 44
40 4 50
40 97 97
40 118 67
40 105 73
40 114 23
40 81 46
40 132 25
40 83 46
40 103 5
40 133 2
40 113 37
40 85 4
40 38 41
40 126 67
40 59 73
40 89 12
40 41 73
40 7 56
40 96 41
40 44 98
40 28 31
40 54 45
40 5 62
40 13 93
40 95 20
40 48 8
40 30 24
40 120 55
40 69 35
40 92 13
40 39 15
40 3 95
40 84 7
40 23 47
40 78 74
40 139 100
40 111 72
40 106 22
40 52 1
40 117 77
40 134 88
40 102 5
40 94 64
40 37 56
40 25 24
40 99 54
40 90 5
40 8 87
40 127 58
40 137 83
40 72 75
40 82 95
40 121 31
40 80 31
40 61 55
81 140 80
81 129 4
81 35 71
81 14 87
81 91 1
81 101 2
81 138 82
81 67 20
81 77 56
81 29 37
81 79 28
81 31 3
81 98 100
81 17 4
81 4 70
81 97 73
81 118 61
81 105 7
81 114 1
81 40 62
81 132 6
81 83 30
81 103 24
81 133 46
81 113 72
81 85 32
81 38 98
81 126 67
81 59 7
81 89 40
81 41 77
81 7 87
81 96 99
81 44 32
81 28 35
81 54 89
81 5 86
81 13 47
81 95 61
81 48 22
81 30 66
81 120 39
81 69 31
81 92 45
81 39 68
81 3 11
81 84 20
81 23 100
81 78 13
81 139 76
81 111 88
81 106 66
81 52 88
81 117 58
81 134 6
81 102 86
81 94 62
81 37 17
81 25 27
81 99 83
81 90 62
81 8 65
81 127 74
81 137 28
81 72 48
81 82 67
81 121 47
81 80 94
81 61 42
132 140 53
132 129 77
132 35 25
132 14 97
132 91 51
132 101 83
132 138 30
132 67 16
132 77 60
132 29 46
132 79 51
132 31 30
132 98 39
132 17 93
132 4 63
132 97 55
132 118 60
132 105 22
132 114 99
132 40 57
132 81 5
132 83 33
132 103 18
132 133 47
132 113 94
132 85 45
132 38 95
132 126 42
132 59 40
132 89 92
132 41 76
132 7 67
132 96 46
132 44 43
132 28 6
132 54 29
132 5 13
132 13 56
132 95 64
132 48 74
132 30 51
132 120 32
132 69 38
132 92 45
132 39 61
132 3 9
132 84 64
132 23 79
132 78 50
132 139 18
132 111 10
132 106 46
132 52 53
132 117 81
132 134 69
132 102 56
132 94 9
132 37 96
132 25 80
132 99 40
132 90 77
132 8 23
132 127 72
132 137 50
132 72 64
132 82 5
132 121 92
132 80 7
132 61 88
83 140 81
83 129 80
83 35 62
83 14 8
83 91 42
83 101 88
83 138 7
83 67 8
83 77 33
83 29 64
83 79 95
83 31 17
83 98 37
83 17 95
83 4 12
83 97 62
83 118 77
83 105 87
83 114 19
83 40 26
83 81 96
83 132 61
83 103 62
83 133 60
83 113 92
83 85 19
83 38 66
83 126 8
83 59 79
83 89 59
83 41 15
83 7 96
83 96 20
83 44 76
83 28 70
83 54 76
83 5 36
83 13 23
83 95 42
83 48 38
83 30 32
83 120 22
83 69 1
83 92 29
83 39 19
83 3 60
83 84 54
83 23 8
83 78 72
83 139 91
83 111 65
83 106 66
83 52 6
83 117 18
83 134 5
83 102 45
83 94 81
83 37 19
83 25 55
83 99 99
83 90 83
83 8 75
83 127 7
83 137 19
83 72 46
83 82 79
83 121 11
83 80 29
83 61 41
103 140 76
103 129 47
103 35 10
103 14 88
103 91 12
103 101 88
103 138 3
103 67 44
103 77 90
103 29 24
103 79 75
103 31 50
103 98 82
103 17 21
103 4 54
103 97 99
103 118 29
103 105 87
103 114 8
103 40 11
103 81 10
103 132 54
103 83 49
103 133 6
103 113 34
103 85 29
103 38 52
103 126 97
103 59 40
103 89 62
103 41 57
103 7 66
103 96 68
103 44 33
103 28 85
103 54 80
103 5 33
103 13 4
103 95 45
103 48 77
103 30 76
103 120 30
103 69 14
103 92 50
103 39 87
103 3 15
103 84 49
103 23 15
103 78 97
103 139 24
103 111 20
103 106 12
103 52 62
103 117 44
103 134 43
103 102 51
103 94 98
103 37 52
103 25 92
103 99 62
103 90 36
103 8 25
103 127 61
103 137 36
103 72 98
103 82 29
103 121 23
103 80 86
103 61 30
133 140 1
133 129 1
133 35 20
133 14 91
133 91 95
133 101 96
133 138 43
133 67 73
133 77 39
133 29 29
133 79 99
133 31 62
133 98 89
133 17 51
133 4 84
133 97 99
133 118 55
133 105 60
133 114 100
133 40 88
133 81 99
133 132 78
133 83 68
133 103 48
133 113 81
133 85 64
133 38 75
133 126 53
133 59 2
133 89 69
133 41 57
133 7 73
133 96 21
133 44 25
133 28 21
133 54 4
133 5 33
133 13 93
133 95 86
133 48 79
133 30 39
133 120 81
133 69 35
133 92 87
133 39 96
133 3 38
133 84 72
133 23 80
133 78 32
133 139 12
133 111 56
133 106 33
133 52 33
133 117 40
133 134 60
133 102 2
133 94 3
133 37 40
133 25 48
133 99 56
133 90 51
133 8 73
133 127 56
133 137 88
133 72 61
133 82 92
133 121 43
133 80 16
133 61 98
113 140 51
113 129 26
113 35 83
113 14 10
113 91 77
113 101 31
113 138 98
113 67 89
113 77 76
113 29 16
113 79 36
113 31 81
113 98 29
113 17 62
113 4 30
113 97 1
113 118 22
113 105 65
113 114 81
113 40 57
113 81 33
113 132 55
113 83 4
113 103 33
113 133 11
113 85 43
113 38 61
113 126 56
113 59 87
113 89 19
113 41 44
113 7 9
113 96 50
113 44 22
113 28 83
113 54 18
113 5 19
113 13 44
113 95 79
113 48 94
113 30 47
113 120 36
113 69 88
113 92 63
113 39 88
113 3 69
113 84 40
113 23 81
113 78 52
113 139 25
113 111 18
113 106 46
113 52 56
113 117 44
113 134 64
113 102 5
113 94 48
113 37 20
113 25 74
113 99 38
113 90 75
113 8 51
113 127 66
113 137 14
113 72 53
113 82 40
113 121 53
113 80 62
113 61 48
85 140 18
85 129 53
85 35 12
85 14 26
85 91 30
85 101 95
85 138 42
85 67 82
85 77 22
85 29 77
85 79 41
85 31 25
85 98 83
85 17 76
85 4 100
85 97 15
85 118 93
85 105 74
85 114 76
85 40 61
85 81 58
85 132 66
85 83 99
85 103 82
85 133 18
85 113 39
85 38 36
85 126 72
85 59 9
85 89 87
85 41 50
85 7 17
85 96 84
85 44 42
85 28 71
85 54 8
85 5 26
85 13 41
85 95 59
85 48 38
85 30 73
85 120 67
85 69 93
85 92 11
85 39 72
85 3 77
85 84 91
85 23 98
85 78 87
85 139 32
85 111 9
85 106 37
85 52 54
85 117 74
85 134 86
85 102 14
85 94 48
85 37 33
85 25 65
85 99 3
85 90 98
85 8 86
85 127 46
85 137 80
85 72 83
85 82 81
85 121 77
85 80 43
85 61 37
38 140 27
38 129 24
38 35 30
38 14 8
38 91 64
38 101 37
38 138 6
38 67 41
38 77 73
38 29 94
38 79 51
38 31 63
38 98 38
38 17 17
38 4 80
38 97 29
38 118 61
38 105 98
38 114 2
38 40 84
38 81 46
38 132 4
38 83 50
38 103 97
38 133 75
38 113 11
38 85 1
38 126 23
38 59 14
38 89 35
38 41 86
38 7 88
38 96 59
38 44 26
38 28 34
38 54 70
38 5 29
38 13 84
38 95 25
38 48 91
38 30 7
38 120 57
38 69 78
38 92 99
38 39 28
38 3 27
38 84 11
38 23 20
38 78 45
38 139 75
38 111 30
38 106 94
38 52 15
38 117 6
38 134 28
38 102 11
38 94 41
38 37 90
38 25 41
38 99 24
38 90 55
38 8 6
38 127 13
38 137 70
38 72 14
38 82 77
38 121 18
38 80 20
38 61 38
126 140 84
126 129 49
126 35 29
126 14 17
126 91 88
126 101 93
126 138 72
126 67 80
126 77 71
126 29 92
126 79 33
126 31 49
126 98 79
126 17 46
126 4 50
126 97 50
126 118 68
126 105 73
126 114 82
126 40 25
126 81 60
126 132 89
126 83 42
126 103 97
126 133 53
126 113 93
126 85 42
126 38 73
126 59 72
126 89 67
126 41 21
126 7 48
126 96 28
126 44 54
126 28 79
126 54 31
126 5 44
126 13 24
126 95 27
126 48 59
126 30 68
126 120 13
126 69 33
126 92 18
126 39 95
126 3 27
126 84 81
126 23 77
126 78 5
126 139 11
126 111 3
126 106 80
126 52 37
126 117 92
126 134 96
126 102 72
126 94 74
126 37 7
126 25 45
126 99 68
126 90 52
126 8 52
126 127 79
126 137 90
126 72 64
126 82 12
126 121 49
126 80 82
126 61 24
59 140 31
59 129 88
59 35 48
59 14 20
59 91 25
59 101 2
59 138 9
59 67 56
59 77 62
59 29 20
59 79 86
59 31 75
59 98 38
59 17 65
59 4 59
59 97 19
59 118 6
59 105 90
59 114 31
59 40 52
59 81 77
59 132 91
59 83 11
59 103 59
59 133 60
59 113 88
59 85 13
59 38 16
59 126 14
59 89 97
59 41 13
59 7 36
59 96 92
59 44 23
59 28 42
59 54 83
59 5 98
59 13 73
59 95 7
59 48 45
59 30 8
59 120 6
59 69 48
59 92 59
59 39 53
59 3 49
59 84 48
59 23 95
59 78 78
59 139 57
59 111 36
59 106 29
59 52 89
59 117 99
59 134 85
59 102 45
59 94 15
59 37 58
59 25 80
59 99 92
59 90 78
59 8 58
59 127 1
59 137 71
59 72 33
59 82 65
59 121 59
59 80 5
59 61 30
89 140 23
89 129 31
89 35 80
89 14 58
89 91 13
89 101 48
89 138 7
89 67 36
89 77 39
89 29 12
89 79 87
89 31 2
89 98 21
89 17 22
89 4 79
89 97 51
89 118 58
89 105 4
89 114 73
89 40 18
89 81 59
89 132 74
89 83 25
89 103 47
89 133 60
89 113 74
89 85 72
89 38 34
89 126 98
89 59 69
89 41 69
89 7 49
89 96 90
89 44 96
89 28 97
89 54 4
89 5 28
89 13 50
89 95 53
89 48 25
89 30 35
89 120 87
89 69 73
89 92 41
89 39 23
89 3 53
89 84 59
89 23 66
89 78 14
89 139 75
89 111 22
89 106 84
89 52 20
89 117 54
89 134 64
89 102 82
89 94 21
89 37 88
89 25 68
89 99 95
89 90 27
89 8 91
89 127 23
89 137 32
89 72 96
89 82 98
89 121 7
89 80 87
89 61 43
41 140 74
41 129 23
41 35 85
41 14 12
41 91 75
41 101 34
41 138 46
41 67 8
41 77 29
41 29 67
41 79 69
41 31 99
41 98 86
41 17 83
41 4 90
41 97 73
41 118 96
41 105 38
41 114 45
41 40 39
41 81 28
41 132 55
41 83 46
41 103 6
41 133 24
41 113 27
41 85 73
41 38 95
41 126 81
41 59 50
41 89 50
41 7 44
41 96 41
41 44 100
41 28 59
41 54 35
41 5 23
41 13 95
41 95 63
41 48 94
41 30 5
41 120 81
41 69 76
41 92 3
41 39 44
41 3 10
41 84 95
41 23 7
41 78 4
41 139 33
41 111 12
41 106 60
41 52 65
41 117 6
41 134 76
41 102 27
41 94 42
41 37 77
41 25 48
41 99 56
41 90 56
41 8 58
41 127 17
41 137 88
41 72 3
41 82 43
41 121 67
41 80 73
41 61 100
7 140 36
7 129 2
7 35 35
7 14 21
7 91 13
7 101 83
7 138 84
7 67 58
7 77 11
7 29 22
7 79 76
7 31 60
7 98 13
7 17 52
7 4 76
7 97 4
7 118 6
7 105 51
7 114 92
7 40 52
7 81 53
7 132 71
7 83 3
7 103 80
7 133 100
7 113 58
7 85 59
7 38 79
7 126 88
7 59 83
7 89 36
7 41 26
7 96 2
7 44 25
7 28 1
7 54 56
7 5 65
7 13 58
7 95 62
7 48 28
7 30 70
7 120 62
7 69 32
7 92 89
7 39 95
7 3 44
7 84 64
7 23 61
7 78 89
7 139 89
7 111 21
7 106 52
7 52 96
7 117 72
7 134 38
7 102 70
7 94 38
7 37 43
7 25 26
7 99 4
7 90 86
7 8 79
7 127 45
7 137 71
7 72 58
7 82 61
7 121 18
7 80 90
7 61 95
96 140 4
96 129 72
96 35 56
96 14 7
96 91 46
96 101 69
96 138 24
96 67 67
96 77 1
96 29 62
96 79 84
96 31 12
96 98 84
96 17 48
96 4 100
96 97 91
96 118 37
96 105 36
96 114 23
96 40 14
96 81 68
96 132 88
96 83 100
96 103 58
96 133 7
96 113 88
96 85 41
96 38 83
96 126 18
96 59 65
96 89 52
96 41 67
96 7 100
96 44 51
96 28 44
96 54 78
96 5 6
96 13 43
96 95 16
96 48 100
96 30 63
96 120 71
96 69 62
96 92 31
96 39 66
96 3 10
96 84 39
96 23 58
96 78 54
96 139 20
96 111 57
96 106 97
96 52 73
96 117 16
96 134 36
96 102 75
96 94 97
96 37 100
96 25 14
96 99 41
96 90 10
96 8 20
96 127 67
96 137 36
96 72 58
96 82 10
96 121 88
96 80 14
96 61 58
44 140 50
44 129 37
44 35 64
44 14 39
44 91 15
44 101 35
44 138 42
44 67 13
44 77 49
44 29 4
44 79 74
44 31 3
44 98 72
44 17 34
44 4 100
44 97 49
44 118 51
44 105 86
44 114 98
44 40 19
44 81 85
44 132 27
44 83 39
44 103 1
44 133 40
44 113 27
44 85 53
44 38 87
44 126 28
44 59 5
44 89 37
44 41 4
44 7 26
44 96 86
44 28 95
44 54 80
44 5 47
44 13 53
44 95 56
44 48 55
44 30 85
44 120 30
44 69 35
44 92 64
44 39 65
44 3 18
44 84 96
44 23 72
44 78 47
44 139 69
44 111 59
44 106 33
44 52 80
44 117 30
44 134 11
44 102 47
44 94 41
44 37 27
44 25 90
44 99 54
44 90 28
44 8 47
44 127 86
44 137 87
44 72 75
44 82 49
44 121 85
44 80 59
44 61 80
28 140 26
28 129 72
28 35 14
28 14 38
28 91 59
28 101 84
28 138 97
28 67 42
28 77 52
28 29 15
28 79 86
28 31 22
28 98 60
28 17 21
28 4 85
28 97 29
28 118 4
28 105 19
28 114 35
28 40 97
28 81 27
28 132 18
28 83 20
28 103 84
28 133 71
28 113 80
28 85 25
28 38 73
28 126 4
28 59 89
28 89 44
28 41 79
28 7 6
28 96 26
28 44 67
28 54 43
28 5 7
28 13 83
28 95 84
28 48 89
28 30 84
28 120 9
28 69 88
28 92 87
28 39 35
28 3 40
28 84 69
28 23 95
28 78 82
28 139 70
28 111 28
28 106 56
28 52 72
28 117 82
28 134 62
28 102 80
28 94 57
28 37 18
28 25 16
28 99 49
28 90 82
28 8 83
28 127 2
28 137 17
28 72 84
28 82 19
28 121 51
28 80 9
28 61 73
54 140 23
54 129 36
54 35 74
54 14 32
54 91 6
54 101 3
54 138 96
54 67 74
54 77 33
54 29 44
54 79 100
54 31 74
54 98 59
54 17 41
54 4 14
54 97 52
54 118 74
54 105 56
54 114 17
54 40 45
54 81 89
54 132 42
54 83 92
54 103 78
54 133 6
54 113 12
54 85 93
54 38 39
54 126 71
54 59 51
54 89 92
54 41 63
54 7 18
54 96 97
54 44 2
54 28 53
54 5 28
54 13 48
54 95 33
54 48 54
54 30 81
54 120 11
54 69 13
54 92 91
54 39 48
54 3 25
54 84 31
54 23 33
54 78 17
54 139 6
54 111 8
54 106 19
54 52 96
54 117 15
54 134 19
54 102 81
54 94 84
54 37 100
54 25 65
54 99 86
54 90 19
54 8 54
54 127 77
54 137 17
54 72 91
54 82 3
54 121 66
54 80 22
54 61 76
5 140 47
5 129 13
5 35 80
5 14 14
5 91 68
5 101 50
5 138 94
5 67 82
5 77 6
5 29 76
5 79 36
5 31 7
5 98 38
5 17 64
5 4 7
5 97 7
5 118 22
5 105 79
5 114 97
5 40 41
5 81 58
5 132 8
5 83 5
5 103 95
5 133 63
5 113 32
5 85 81
5 38 94
5 126 31
5 59 32
5 89 43
5 41 94
5 7 20
5 96 64
5 44 30
5 28 70
5 54 44
5 13 7
5 95 88
5 48 42
5 30 76
5 120 13
5 69 80
5 92 77
5 39 69
5 3 55
5 84 25
5 23 7
5 78 98
5 139 67
5 111 59
5 106 37
5 52 63
5 117 62
5 134 20
5 102 38
5 94 71
5 37 13
5 25 55
5 99 47
5 90 43
5 8 81
5 127 29
5 137 89
5 72 32
5 82 66
5 121 49
5 80 14
5 61 90
13 140 35
13 129 30
13 35 20
13 14 68
13 91 61
13 101 38
13 138 5
13 67 47
13 77 11
13 29 88
13 79 86
13 31 68
13 98 21
13 17 97
13 4 80
13 97 11
13 118 4
13 105 77
13 114 71
13 40 99
13 81 90
13 132 15
13 83 77
13 103 90
13 133 25
13 113 66
13 85 8
13 38 21
13 126 81
13 59 45
13 89 2
13 41 10
13 7 62
13 96 10
13 44 63
13 28 70
13 54 21
13 5 80
13 95 76
13 48 49
13 30 46
13 120 10
13 69 79
13 92 15
13 39 25
13 3 88
13 84 22
13 23 9
13 78 32
13 139 53
13 111 65
13 106 92
13 52 19
13 117 1
13 134 50
13 102 95
13 94 19
13 37 5
13 25 15
13 99 72
13 90 66
13 8 40
13 127 97
13 137 5
13 72 50
13 82 24
13 121 11
13 80 68
13 61 66
95 140 1
95 129 95
95 35 8
95 14 90
95 91 87
95 101 32
95 138 100
95 67 84
95 77 19
95 29 15
95 79 57
95 31 95
95 98 24
95 17 33
95 4 27
95 97 86
95 118 28
95 105 20
95 114 95
95 40 38
95 81 91
95 132 45
95 83 91
95 103 96
95 133 48
95 113 14
95 85 99
95 38 60
95 126 75
95 59 44
95 89 81
95 41 22
95 7 71
95 96 15
95 44 49
95 28 61
95 54 71
95 5 59
95 13 67
95 48 35
95 30 58
95 120 49
95 69 22
95 92 97
95 39 17
95 3 45
95 84 22
95 23 54
95 78 45
95 139 39
95 111 23
95 106 32
95 52 56
95 117 40
95 134 1
95 102 96
95 94 19
95 37 38
95 25 99
95 99 35
95 90 88
95 8 57
95 127 56
95 137 5
95 72 49
95 82 82
95 121 67
95 80 2
95 61 72
48 140 9
48 129 94
48 35 62
48 14 39
48 91 47
48 101 18
48 138 30
48 67 65
48 77 10
48 29 93
48 79 89
48 31 65
48 98 24
48 17 16
48 4 84
48 97 85
48 118 48
48 105 94
48 114 84
48 40 87
48 81 22
48 132 39
48 83 12
48 103 62
48 133 90
48 113 13
48 85 56
48 38 74
48 126 56
48 59 87
48 89 82
48 41 48
48 7 55
48 96 11
48 44 58
48 28 52
48 54 54
48 5 4
48 13 76
48 95 86
48 30 80
48 120 34
48 69 89
48 92 8
48 39 55
48 3 1
48 84 42
48 23 33
48 78 79
48 139 17
48 111 87
48 106 36
48 52 80
48 117 73
48 134 35
48 102 50
48 94 90
48 37 79
48 25 34
48 99 19
48 90 35
48 8 21
48 127 76
48 137 26
48 72 15
48 82 72
48 121 2
48 80 51
48 61 58
30 140 28
30 129 37
30 35 56
30 14 16
30 91 59
30 101 87
30 138 2
30 67 14
30 77 81
30 29 20
30 79 76
30 31 8
30 98 16
30 17 51
30 4 40
30 97 95
30 118 76
30 105 38
30 114 21
30 40 22
30 81 18
30 132 44
30 83 56
30 103 74
30 133 74
30 113 5
30 85 96
30 38 34
30 126 60
30 59 47
30 89 60
30 41 88
30 7 18
30 96 46
30 44 7
30 28 33
30 54 92
30 5 19
30 13 8
30 95 20
30 48 5
30 120 84
30 69 87
30 92 44
30 39 89
30 3 4
30 84 22
30 23 48
30 78 58
30 139 87
30 111 42
30 106 76
30 52 32
30 117 64
30 134 43
30 102 69
30 94 62
30 37 33
30 25 4
30 99 92
30 90 42
30 8 51
30 127 69
30 137 84
30 72 77
30 82 27
30 121 39
30 80 20
30 61 38
120 140 61
120 129 58
120 35 50
120 14 60
120 91 17
120 101 62
120 138 74
120 67 87
120 77 83
120 29 21
120 79 16
120 31 14
120 98 3
120 17 88
120 4 31
120 97 67
120 118 74
120 105 48
120 114 14
120 40 62
120 81 67
120 132 75
120 83 82
120 103 4
120 133 30
120 113 66
120 85 27
120 38 78
120 126 89
120 59 87
120 89 17
120 41 98
120 7 78
120 96 67
120 44 85
120 28 28
120 54 5
120 5 70
120 13 11
120 95 78
120 48 10
120 30 3
120 69 97
120 92 83
120 39 65
120 3 3
120 84 31
120 23 66
120 78 68
120 139 87
120 111 87
120 106 40
120 52 74
120 117 35
120 134 78
120 102 2
120 94 24
120 37 25
120 25 29
120 99 90
120 90 61
120 8 15
120 127 26
120 137 82
120 72 40
120 82 95
120 121 80
120 80 59
120 61 26
69 140 10
69 129 37
69 35 25
69 14 21
69 91 14
69 101 57
69 138 49
69 67 17
69 77 4
69 29 26
69 79 49
69 31 45
69 98 62
69 17 21
69 4 5
69 97 57
69 118 79
69 105 81
69 114 40
69 40 3
69 81 99
69 132 67
69 83 24
69 103 5
69 133 91
69 113 83
69 85 73
69 38 15
69 126 63
69 59 12
69 89 71
69 41 83
69 7 24
69 96 25
69 44 90
69 28 42
69 54 82
69 5 42
69 13 53
69 95 47
69 48 13
69 30 15
69 120 13
69 92 95
69 39 31
69 3 92
69 84 80
69 23 3
69 78 89
69 139 15
69 111 74
69 106 19
69 52 1
69 117 97
69 134 51
69 102 29
69 94 79
69 37 50
69 25 44
69 99 80
69 90 40
69 8 88
69 127 79
69 137 42
69 72 2
69 82 36
69 121 88
69 80 17
69 61 58
92 140 67
92 129 15
92 35 25
92 14 3
92 91 84
92 101 47
92 138 81
92 67 54
92 77 45
92 29 28
92 79 73
92 31 76
92 98 31
92 17 20
92 4 67
92 97 100
92 118 11
92 105 70
92 114 87
92 40 15
92 81 71
92 132 95
92 83 65
92 103 72
92 133 87
92 113 18
92 85 29
92 38 93
92 126 28
92 59 63
92 89 92
92 41 83
92 7 27
92 96 71
92 44 47
92 28 93
92 54 37
92 5 91
92 13 52
92 95 93
92 48 75
92 30 78
92 120 67
92 69 2
92 39 47
92 3 56
92 84 50
92 23 17
92 78 46
92 139 74
92 111 63
92 106 10
92 52 59
92 117 3
92 134 79
92 102 65
92 94 78
92 37 13
92 25 1
92 99 65
92 90 9
92 8 20
92 127 2
92 137 25
92 72 20
92 82 47
92 121 49
92 80 100
92 61 41
39 140 62
39 129 11
39 35 5
39 14 94
39 91 41
39 101 93
39 138 79
39 67 78
39 77 19
39 29 65
39 79 26
39 31 44
39 98 69
39 17 84
39 4 79
39 97 87
39 118 45
39 105 43
39 114 47
39 40 14
39 81 75
39 132 78
39 83 28
39 103 86
39 133 66
39 113 6
39 85 10
39 38 99
39 126 55
39 59 79
39 89 33
39 41 90
39 7 94
39 96 58
39 44 19
39 28 92
39 54 37
39 5 70
39 13 59
39 95 75
39 48 6
39 30 96
39 120 62
39 69 80
39 92 16
39 3 84
39 84 55
39 23 2
39 78 23
39 139 44
39 111 73
39 106 4
39 52 41
39 117 48
39 134 21
39 102 41
39 94 19
39 37 67
39 25 50
39 99 50
39 90 5
39 8 91
39 127 84
39 137 51
39 72 57
39 82 78
39 121 34
39 80 39
39 61 69
3 140 31
3 129 23
3 35 76
3 14 78
3 91 36
3 101 60
3 138 41
3 67 66
3 77 4
3 29 4
3 79 87
3 31 33
3 98 8
3 17 100
3 4 5
3 97 37
3 118 86
3 105 49
3 114 83
3 40 35
3 81 61
3 132 70
3 83 76
3 103 59
3 133 13
3 113 30
3 85 68
3 38 59
3 126 15
3 59 82
3 89 98
3 41 80
3 7 67
3 96 11
3 44 13
3 28 31
3 54 10
3 5 58
3 13 8
3 95 58
3 48 82
3 30 13
3 120 16
3 69 38
3 92 32
3 39 48
3 84 21
3 23 26
3 78 69
3 139 57
3 111 63
3 106 93
3 52 6
3 117 22
3 134 52
3 102 2
3 94 62
3 37 68
3 25 1
3 99 79
3 90 65
3 8 62
3 127 80
3 137 10
3 72 60
3 82 53
3 121 29
3 80 85
3 61 20
84 140 41
84 129 12
84 35 28
84 14 51
84 91 61
84 101 60
84 138 7
84 67 40
84 77 61
84 29 88
84 79 98
84 31 41
84 98 36
84 17 71
84 4 70
84 97 75
84 118 31
84 105 71
84 114 100
84 40 72
84 81 10
84 132 53
84 83 83
84 103 54
84 133 81
84 113 3
84 85 25
84 38 4
84 126 95
84 59 20
84 89 81
84 41 71
84 7 85
84 96 65
84 44 42
84 28 51
84 54 57
84 5 40
84 13 59
84 95 3
84 48 58
84 30 45
84 120 5
84 69 95
84 92 90
84 39 64
84 3 24
84 23 38
84 78 36
84 139 65
84 111 59
84 106 41
84 52 17
84 117 61
84 134 77
84 102 13
84 94 79
84 37 3
84 25 34
84 99 70
84 90 63
84 8 18
84 127 100
84 137 6
84 72 81
84 82 86
84 121 71
84 80 90
84 61 47
23 140 85
23 129 77
23 35 21
23 14 72
23 91 13
23 101 97
23 138 26
23 67 1
23 77 33
23 29 49
23 79 95
23 31 85
23 98 35
23 17 14
23 4 96
23 97 76
23 118 67
23 105 58
23 114 70
23 40 4
23 81 6
23 132 77
23 83 85
23 103 100
23 133 78
23 113 72
23 85 48
23 38 39
23 126 13
23 59 40
23 89 36
23 41 46
23 7 51
23 96 25
23 44 69
23 28 45
23 54 30
23 5 57
23 13 5
23 95 43
23 48 17
23 30 39
23 120 28
23 69 8
23 92 14
23 39 58
23 3 22
23 84 68
23 78 27
23 139 64
23 111 98
23 106 92
23 52 45
23 117 65
23 134 34
23 102 89
23 94 18
23 37 40
23 25 12
23 99 20
23 90 58
23 8 57
23 127 58
23 137 88
23 72 63
23 82 47
23 121 37
23 80 86
23 61 78
78 140 68
78 129 67
78 35 52
78 14 60
78 91 20
78 101 60
78 138 56
78 67 25
78 77 14
78 29 79
78 79 3
78 31 72
78 98 13
78 17 82
78 4 13
78 97 2
78 118 69
78 105 78
78 114 20
78 40 78
78 81 36
78 132 100
78 83 71
78 103 44
78 133 27
78 113 6
78 85 14
78 38 78
78 126 10
78 59 58
78 89 49
78 41 16
78 7 61
78 96 46
78 44 30
78 28 44
78 54 60
78 5 59
78 13 82
78 95 55
78 48 97
78 30 83
78 120 86
78 69 68
78 92 30
78 39 17
78 3 14
78 84 33
78 23 10
78 139 28
78 111 57
78 106 11
78 52 21
78 117 93
78 134 5
78 102 50
78 94 79
78 37 11
78 25 32
78 99 14
78 90 71
78 8 9
78 127 47
78 137 24
78 72 75
78 82 44
78 121 81
78 80 2
78 61 94
139 140 59
139 129 24
139 35 34
139 14 82
139 91 30
139 101 13
139 138 39
139 67 39
139 77 22
139 29 82
139 79 72
139 31 65
139 98 42
139 17 57
139 4 42
139 97 87
139 118 46
139 105 54
139 114 91
139 40 82
139 81 51
139 132 31
139 83 18
139 103 5
139 133 12
139 113 13
139 85 22
139 38 42
139 126 56
139 59 49
139 89 17
139 41 67
139 7 28
139 96 70
139 44 41
139 28 23
139 54 40
139 5 4
139 13 57
139 95 6
139 48 39
139 30 79
139 120 94
139 69 6
139 92 17
139 39 2
139 3 35
139 84 58
139 23 35
139 78 85
139 111 34
139 106 25
139 52 91
139 117 40
139 134 52
139 102 12
139 94 32
139 37 35
139 25 33
139 99 45
139 90 90
139 8 92
139 127 81
139 137 77
139 72 62
139 82 37
139 121 4
139 80 15
139 61 28
111 140 66
111 129 37
111 35 12
111 14 58
111 91 75
111 101 15
111 138 16
111 67 37
111 77 28
111 29 79
111 79 80
111 31 58
111 98 34
111 17 6
111 4 27
111 97 4
111 118 86
111 105 61
111 114 24
111 40 83
111 81 80
111 132 90
111 83 18
111 103 60
111 133 31
111 113 2
111 85 75
111 38 22
111 126 75
111 59 88
111 89 54
111 41 21
111 7 61
111 96 87
111 44 5
111 28 74
111 54 8
111 5 54
111 13 68
111 95 84
111 48 44
111 30 58
111 120 2
111 69 44
111 92 90
111 39 93
111 3 85
111 84 45
111 23 21
111 78 86
111 139 81
111 106 27
111 52 67
111 117 25
111 134 45
111 102 53
111 94 8
111 37 74
111 25 26
111 99 39
111 90 88
111 8 18
111 127 57
111 137 5
111 72 6
111 82 16
111 121 66
111 80 29
111 61 16
106 140 54
106 129 95
106 35 47
106 14 54
106 91 9
106 101 32
106 138 20
106 67 38
106 77 30
106 29 39
106 79 98
106 31 50
106 98 78
106 17 2
106 4 56
106 97 20
106 118 72
106 105 77
106 114 77
106 40 84
106 81 87
106 132 41
106 83 62
106 103 43
106 133 57
106 113 62
106 85 54
106 38 46
106 126 13
106 59 67
106 89 57
106 41 19
106 7 95
106 96 7
106 44 60
106 28 53
106 54 86
106 5 7
106 13 5
106 95 34
106 48 82
106 30 69
106 120 22
106 69 65
106 92 13
106 39 21
106 3 58
106 84 18
106 23 73
106 78 33
106 139 45
106 111 4
106 52 67
106 117 45
106 134 47
106 102 31
106 94 28
106 37 62
106 25 66
106 99 72
106 90 77
106 8 6
106 127 15
106 137 27
106 72 87
106 82 94
106 121 34
106 80 29
106 61 52
52 140 86
52 129 48
52 35 5
52 14 68
52 91 72
52 101 98
52 138 19
52 67 90
52 77 22
52 29 92
52 79 76
52 31 70
52 98 99
52 17 8
52 4 9
52 97 30
52 118 50
52 105 38
52 114 40
52 40 96
52 81 77
52 132 75
52 83 69
52 103 44
52 133 22
52 113 5
52 85 4
52 38 30
52 126 66
52 59 70
52 89 88
52 41 70
52 7 69
52 96 81
52 44 4
52 28 80
52 54 40
52 5 69
52 13 82
52 95 95
52 48 26
52 30 55
52 120 15
52 69 36
52 92 12
52 39 53
52 3 66
52 84 36
52 23 88
52 78 60
52 139 19
52 111 83
52 106 48
52 117 75
52 134 64
52 102 43
52 94 13
52 37 77
52 25 22
52 99 64
52 90 77
52 8 44
52 127 45
52 137 55
52 72 92
52 82 15
52 121 50
52 80 51
52 61 52
117 140 68
117 129 98
117 35 79
117 14 19
117 91 41
117 101 48
117 138 65
117 67 25
117 77 46
117 29 53
117 79 99
117 31 50
117 98 85
117 17 11
117 4 89
117 97 24
117 118 90
117 105 27
117 114 42
117 40 63
117 81 56
117 132 29
117 83 64
117 103 86
117 133 46
117 113 15
117 85 39
117 38 27
117 126 5
117 59 84
117 89 84
117 41 2
117 7 39
117 96 64
117 44 39
117 28 96
117 54 63
117 5 89
117 13 43
117 95 10
117 48 31
117 30 77
117 120 40
117 69 46
117 92 84
117 39 37
117 3 91
117 84 54
117 23 48
117 78 48
117 139 47
117 111 23
117 106 52
117 52 3
117 134 62
117 102 42
117 94 91
117 37 37
117 25 66
117 99 90
117 90 87
117 8 74
117 127 44
117 137 47
117 72 26
117 82 70
117 121 53
117 80 46
117 61 48
134 140 70
134 129 13
134 35 64
134 14 64
134 91 73
134 101 89
134 138 80
134 67 79
134 77 27
134 29 78
134 79 31
134 31 32
134 98 63
134 17 42
134 4 69
134 97 27
134 118 8
134 105 72
134 114 2
134 40 76
134 81 88
134 132 5
134 83 8
134 103 82
134 133 77
134 113 76
134 85 26
134 38 93
134 126 83
134 59 66
134 89 85
134 41 78
134 7 18
134 96 16
134 44 74
134 28 6
134 54 80
134 5 51
134 13 56
134 95 90
134 48 81
134 30 62
134 120 60
134 69 47
134 92 64
134 39 30
134 3 99
134 84 86
134 23 82
134 78 64
134 139 56
134 111 66
134 106 9
134 52 68
134 117 35
134 102 48
134 94 1
134 37 35
134 25 86
134 99 86
134 90 91
134 8 32
134 127 70
134 137 84
134 72 47
134 82 17
134 121 64
134 80 62
134 61 39
102 140 72
102 129 80
102 35 78
102 14 81
102 91 28
102 101 5
102 138 57
102 67 59
102 77 16
102 29 72
102 79 21
102 31 6
102 98 99
102 17 18
102 4 83
102 97 30
102 118 23
102 105 6
102 114 15
102 40 54
102 81 24
102 132 99
102 83 94
102 103 38
102 133 84
102 113 52
102 85 19
102 38 61
102 126 52
102 59 27
102 89 36
102 41 89
102 7 12
102 96 55
102 44 73
102 28 11
102 54 31
102 5 47
102 13 84
102 95 16
102 48 47
102 30 12
102 120 73
102 69 14
102 92 42
102 39 30
102 3 64
102 84 24
102 23 33
102 78 86
102 139 24
102 111 25
102 106 56
102 52 90
102 117 4
102 134 96
102 94 72
102 37 24
102 25 12
102 99 48
102 90 85
102 8 83
102 127 6
102 137 94
102 72 14
102 82 42
102 121 58
102 80 72
102 61 66
94 140 49
94 129 51
94 35 33
94 14 93
94 91 33
94 101 23
94 138 37
94 67 28
94 77 58
94 29 68
94 79 28
94 31 93
94 98 98
94 17 88
94 4 46
94 97 10
94 118 82
94 105 44
94 114 82
94 40 72
94 81 35
94 132 44
94 83 93
94 103 62
94 133 14
94 113 62
94 85 22
94 38 63
94 126 1
94 59 62
94 89 19
94 41 30
94 7 26
94 96 66
94 44 54
94 28 18
94 54 80
94 5 58
94 13 24
94 95 1
94 48 51
94 30 77
94 120 48
94 69 62
94 92 50
94 39 69
94 3 25
94 84 32
94 23 80
94 78 56
94 139 70
94 111 82
94 106 66
94 52 2
94 117 86
94 134 11
94 102 90
94 37 19
94 25 69
94 99 64
94 90 91
94 8 57
94 127 18
94 137 12
94 72 18
94 82 55
94 121 32
94 80 32
94 61 56
37 140 58
37 129 80
37 35 44
37 14 21
37 91 78
37 101 89
37 138 2
37 67 94
37 77 40
37 29 72
37 79 65
37 31 71
37 98 52
37 17 51
37 4 8
37 97 89
37 118 63
37 105 3
37 114 95
37 40 27
37 81 81
37 132 63
37 83 14
37 103 62
37 133 61
37 113 5
37 85 8
37 38 82
37 126 81
37 59 74
37 89 10
37 41 29
37 7 15
37 96 11
37 44 15
37 28 52
37 54 63
37 5 81
37 13 98
37 95 92
37 48 94
37 30 15
37 120 72
37 69 73
37 92 28
37 39 44
37 3 15
37 84 77
37 23 90
37 78 27
37 139 44
37 111 68
37 106 9
37 52 1
37 117 39
37 134 85
37 102 19
37 94 21
37 25 54
37 99 36
37 90 10
37 8 68
37 127 80
37 137 34
37 72 47
37 82 82
37 121 2
37 80 65
37 61 100
25 140 50
25 129 67
25 35 44
25 14 33
25 91 40
25 101 64
25 138 98
25 67 92
25 77 41
25 29 55
25 79 32
25 31 73
25 98 93
25 17 34
25 4 83
25 97 93
25 118 60
25 105 9
25 114 29
25 40 83
25 81 33
25 132 41
25 83 30
25 103 9
25 133 34
25 113 93
25 85 34
25 38 16
25 126 70
25 59 85
25 89 82
25 41 40
25 7 47
25 96 23
25 44 88
25 28 66
25 54 4
25 5 23
25 13 100
25 95 56
25 48 50
25 30 80
25 120 2
25 69 62
25 92 43
25 39 76
25 3 90
25 84 48
25 23 69
25 78 5
25 139 54
25 111 83
25 106 8
25 52 50
25 117 90
25 134 34
25 102 32
25 94 29
25 37 48
25 99 4
25 90 16
25 8 65
25 127 95
25 137 50
25 72 41
25 82 27
25 121 41
25 80 15
25 61 42
99 140 37
99 129 44
99 35 55
99 14 78
99 91 33
99 101 21
99 138 36
99 67 78
99 77 50
99 29 92
99 79 95
99 31 17
99 98 63
99 17 10
99 4 25
99 97 36
99 118 21
99 105 72
99 114 67
99 40 85
99 81 42
99 132 68
99 83 49
99 103 98
99 133 35
99 113 48
99 85 17
99 38 21
99 126 97
99 59 96
99 89 5
99 41 3
99 7 24
99 96 78
99 44 77
99 28 26
99 54 64
99 5 13
99 13 17
99 95 24
99 48 4
99 30 55
99 120 7
99 69 77
99 92 28
99 39 1
99 3 27
99 84 30
99 23 49
99 78 6
99 139 22
99 111 22
99 106 28
99 52 19
99 117 94
99 134 50
99 102 91
99 94 64
99 37 65
99 25 11
99 90 97
99 8 36
99 127 6
99 137 72
99 72 18
99 82 25
99 121 21
99 80 71
99 61 38
90 140 94
90 129 19
90 35 32
90 14 95
90 91 4
90 101 22
90 138 90
90 67 68
90 77 77
90 29 88
90 79 95
90 31 89
90 98 37
90 17 22
90 4 95
90 97 40
90 118 3
90 105 85
90 114 50
90 40 30
90 81 13
90 132 25
90 83 32
90 103 33
90 133 13
90 113 86
90 85 96
90 38 83
90 126 69
90 59 29
90 89 55
90 41 56
90 7 73
90 96 81
90 44 30
90 28 77
90 54 79
90 5 80
90 13 8
90 95 20
90 48 46
90 30 19
90 120 90
90 69 19
90 92 61
90 39 90
90 3 14
90 84 54
90 23 14
90 78 66
90 139 39
90 111 15
90 106 20
90 52 70
90 117 27
90 134 24
90 102 67
90 94 89
90 37 9
90 25 90
90 99 10
90 8 41
90 127 8
90 137 24
90 72 46
90 82 55
90 121 89
90 80 13
90 61 76
8 140 25
8 129 45
8 35 24
8 14 19
8 91 71
8 101 15
8 138 41
8 67 63
8 77 8
8 29 22
8 79 4
8 31 100
8 98 86
8 17 62
8 4 11
8 97 92
8 118 10
8 105 67
8 114 54
8 40 25
8 81 10
8 132 85
8 83 11
8 103 8
8 133 62
8 113 34
8 85 69
8 38 15
8 126 77
8 59 40
8 89 49
8 41 16
8 7 94
8 96 53
8 44 12
8 28 76
8 54 70
8 5 70
8 13 100
8 95 80
8 48 58
8 30 42
8 120 61
8 69 51
8 92 1
8 39 5
8 3 96
8 84 96
8 23 31
8 78 17
8 139 59
8 111 49
8 106 34
8 52 35
8 117 42
8 134 42
8 102 2
8 94 100
8 37 49
8 25 82
8 99 52
8 90 7
8 127 97
8 137 23
8 72 81
8 82 26
8 121 43
8 80 48
8 61 34
127 140 7
127 129 51
127 35 55
127 14 23
127 91 38
127 101 71
127 138 8
127 67 12
127 77 70
127 29 99
127 79 7
127 31 28
127 98 71
127 17 57
127 4 87
127 97 23
127 118 95
127 105 11
127 114 24
127 40 11
127 81 82
127 132 79
127 83 2
127 103 48
127 133 18
127 113 60
127 85 23
127 38 81
127 126 56
127 59 4
127 89 26
127 41 65
127 7 58
127 96 46
127 44 68
127 28 94
127 54 79
127 5 77
127 13 11
127 95 41
127 48 53
127 30 39
127 120 14
127 69 89
127 92 38
127 39 70
127 3 26
127 84 83
127 23 87
127 78 64
127 139 11
127 111 62
127 106 1
127 52 38
127 117 19
127 134 51
127 102 12
127 94 31
127 37 12
127 25 15
127 99 39
127 90 43
127 8 39
127 137 3
127 72 92
127 82 100
127 121 77
127 80 11
127 61 75
137 140 35
137 129 39
137 35 53
137 14 11
137 91 88
137 101 15
137 138 89
137 67 62
137 77 59
137 29 33
137 79 10
137 31 41
137 98 100
137 17 1
137 4 68
137 97 2
137 118 50
137 105 10
137 114 18
137 40 81
137 81 42
137 132 67
137 83 38
137 103 80
137 133 84
137 113 31
137 85 46
137 38 97
137 126 39
137 59 5
137 89 2
137 41 18
137 7 39
137 96 28
137 44 99
137 28 79
137 54 89
137 5 52
137 13 68
137 95 94
137 48 39
137 30 69
137 120 7
137 69 67
137 92 16
137 39 13
137 3 24
137 84 11
137 23 9
137 78 52
137 139 96
137 111 63
137 106 88
137 52 39
137 117 47
137 134 53
137 102 18
137 94 52
137 37 15
137 25 66
137 99 8
137 90 21
137 8 53
137 127 68
137 72 55
137 82 89
137 121 18
137 80 19
137 61 71
72 140 23
72 129 63
72 35 61
72 14 26
72 91 67
72 101 11
72 138 6
72 67 59
72 77 80
72 29 50
72 79 23
72 31 87
72 98 63
72 17 90
72 4 6
72 97 73
72 118 32
72 105 78
72 114 92
72 40 79
72 81 90
72 132 28
72 83 64
72 103 35
72 133 17
72 113 43
72 85 94
72 38 2
72 126 22
72 59 25
72 89 43
72 41 44
72 7 76
72 96 35
72 44 50
72 28 74
72 54 50
72 5 16
72 13 99
72 95 47
72 48 70
72 30 9
72 120 27
72 69 56
72 92 79
72 39 47
72 3 80
72 84 1
72 23 91
72 78 96
72 139 91
72 111 71
72 106 94
72 52 27
72 117 90
72 134 57
72 102 72
72 94 53
72 37 12
72 25 23
72 99 21
72 90 38
72 8 49
72 127 75
72 137 100
72 82 35
72 121 18
72 80 25
72 61 91
82 140 21
82 129 64
82 35 83
82 14 26
82 91 34
82 101 45
82 138 81
82 67 73
82 77 40
82 29 47
82 79 30
82 31 59
82 98 60
82 17 6
82 4 74
82 97 41
82 118 79
82 105 28
82 114 13
82 40 51
82 81 16
82 132 40
82 83 67
82 103 31
82 133 40
82 113 100
82 85 38
82 38 55
82 126 12
82 59 78
82 89 53
82 41 58
82 7 88
82 96 31
82 44 86
82 28 49
82 54 75
82 5 24
82 13 87
82 95 2
82 48 92
82 30 7
82 120 97
82 69 35
82 92 50
82 39 5
82 3 27
82 84 38
82 23 49
82 78 96
82 139 100
82 111 40
82 106 14
82 52 60
82 117 35
82 134 49
82 102 65
82 94 30
82 37 62
82 25 73
82 99 94
82 90 47
82 8 38
82 127 48
82 137 88
82 72 30
82 121 52
82 80 99
82 61 31
121 140 16
121 129 25
121 35 38
121 14 35
121 91 11
121 101 31
121 138 80
121 67 25
121 77 89
121 29 18
121 79 20
121 31 22
121 98 98
121 17 92
121 4 67
121 97 93
121 118 52
121 105 74
121 114 93
121 40 94
121 81 32
121 132 48
121 83 38
121 103 89
121 133 98
121 113 96
121 85 36
121 38 43
121 126 41
121 59 80
121 89 48
121 41 98
121 7 38
121 96 51
121 44 21
121 28 21
121 54 58
121 5 26
121 13 24
121 95 73
121 48 48
121 30 12
121 120 26
121 69 80
121 92 45
121 39 33
121 3 23
121 84 51
121 23 38
121 78 12
121 139 98
121 111 18
121 106 48
121 52 2
121 117 8
121 134 93
121 102 37
121 94 81
121 37 26
121 25 83
121 99 46
121 90 37
121 8 70
121 127 53
121 137 83
121 72 62
121 82 85
121 80 38
121 61 66
80 140 7
80 129 47
80 35 53
80 14 19
80 91 60
80 101 13
80 138 60
80 67 95
80 77 37
80 29 49
80 79 38
80 31 30
80 98 69
80 17 39
80 4 28
80 97 30
80 118 40
80 105 12
80 114 32
80 40 75
80 81 34
80 132 89
80 83 2
80 103 72
80 133 25
80 113 42
80 85 52
80 38 17
80 126 15
80 59 100
80 89 91
80 41 53
80 7 99
80 96 59
80 44 80
80 28 5
80 54 5
80 5 28
80 13 35
80 95 21
80 48 5
80 30 3
80 120 48
80 69 14
80 92 8
80 39 20
80 3 72
80 84 38
80 23 19
80 78 98
80 139 9
80 111 63
80 106 68
80 52 30
80 117 42
80 134 53
80 102 8
80 94 55
80 37 50
80 25 15
80 99 34
80 90 42
80 8 81
80 127 3
80 137 73
80 72 68
80 82 96
80 121 83
80 61 28
61 140 9
61 129 2
61 35 17
61 14 92
61 91 76
61 101 47
61 138 99
61 67 6
61 77 19
61 29 90
61 79 93
61 31 98
61 98 42
61 17 11
61 4 37
61 97 43
61 118 10
61 105 74
61 114 27
61 40 53
61 81 93
61 132 16
61 83 16
61 103 48
61 133 58
61 113 35
61 85 7
61 38 20
61 126 42
61 59 6
61 89 62
61 41 19
61 7 23
61 96 82
61 44 36
61 28 62
61 54 66
61 5 87
61 13 61
61 95 88
61 48 61
61 30 38
61 120 77
61 69 93
61 92 35
61 39 43
61 3 91
61 84 72
61 23 33
61 78 75
61 139 91
61 111 38
61 106 35
61 52 99
61 117 13
61 134 80
61 102 1
61 94 50
61 37 32
61 25 58
61 99 18
61 90 4
61 8 90
61 127 79
61 137 44
61 72 66
61 82 13
61 121 68
61 80 66
71 61 87
128 80 89
71 80 10
61 71 79
80 128 71