100
48050
79867
91309
10748
2091
84937
10057
49792
26441
59161
58290
1071
81246
51203
87246
72888
91030
82999
22300
10555
90101
23962
13251
36458
37643
74739
12038
9229
44302
44934
43860
14539
47556
31398
42212
32232
39206
72914
39662
38765
73055
93854
63833
77952
60479
95816
9615
42611
17404
85099
58894
28498
19157
28560
97444
91474
33395
7963
85582
80797
59002
91797
3949
46146
29370
41328
76969
43422
45085
21363
56426
41780
50828
43332
50352
58002
49348
95856
59354
42859
36637
6047
59944
87993
91145
23114
44846
65728
12012
77739
57071
19431
6150
86681
10780
73921
78312
8022
72202
91908
