1000
88 27 3
65 42 19
16 86 48
74 35 91
23 7 57
81 16 88
40 5 31
73 79 96
98 29 77
74 3 72
8 31 78
34 29 29
82 79 96
13 21 19
11 45 87
6 68 91
28 43 83
19 71 93
86 23 47
55 12 25
66 96 69
96 46 59
45 70 62
32 81 7
87 47 83
1 45 6
45 19 56
87 70 20
46 4 73
84 90 42
30 57 67
87 78 17
70 15 34
57 66 7
69 96 28
54 72 3
44 88 41
88 40 84
66 68 37
85 16 71
76 41 73
11 73 54
58 58 81
73 66 59
20 60 5
73 29 39
4 25 17
6 57 10
73 5 80
47 68 48
97 7 12
99 10 38
67 23 25
55 3 20
46 65 73
81 14 29
5 20 37
65 83 43
31 57 62
59 31 96
0 2 42
68 88 5
98 87 25
52 69 42
90 76 61
45 4 63
43 19 26
97 76 47
50 22 39
21 1 14
24 66 29
30 94 18
46 25 23
20 14 88
2 72 59
10 9 17
75 33 74
20 98 70
39 94 64
95 11 94
35 9 73
0 55 55
29 2 60
60 24 94
79 74 13
47 92 81
79 69 11
100 87 47
0 99 43
79 40 83
31 90 6
96 95 29
41 87 80
84 69 3
97 70 4
33 36 11
30 17 52
41 58 27
52 22 97
94 20 21
51 76 26
67 48 15
57 92 78
69 82 83
35 16 42
36 86 34
16 53 10
77 61 9
4 84 60
34 68 35
7 33 36
100 98 41
81 45 30
6 90 18
74 29 63
25 24 95
51 61 55
86 54 55
54 18 72
33 12 86
90 98 72
13 64 55
37 13 100
98 28 93
68 13 87
13 62 100
40 29 7
79 8 72
41 97 68
40 87 59
20 41 6
12 98 95
54 12 86
91 41 56
40 29 19
2 32 95
73 100 14
56 1 93
30 9 85
16 12 2
80 22 42
72 17 12
83 89 31
47 66 68
29 23 13
30 29 57
90 22 23
39 42 75
23 24 41
72 83 63
19 57 99
18 75 3
34 5 87
8 92 17
21 60 67
22 88 73
40 79 88
1 22 6
23 79 47
98 41 60
67 54 42
37 33 18
31 9 91
85 67 94
50 95 41
91 77 63
53 48 96
55 98 32
81 53 85
65 70 12
80 15 95
80 94 17
5 98 52
84 30 23
53 48 15
98 55 70
25 43 87
57 76 70
66 25 14
19 32 69
44 26 6
90 58 66
46 26 68
100 63 3
23 70 19
68 82 88
19 59 93
48 21 33
90 78 19
80 32 67
88 45 37
28 14 70
15 19 12
11 69 57
29 36 86
49 11 58
67 56 15
76 70 22
78 13 34
49 35 2
41 62 75
33 60 68
33 34 86
66 43 12
33 39 73
11 5 82
95 52 21
13 99 9
67 83 21
19 13 36
58 86 97
51 39 32
91 2 11
93 40 71
6 36 66
76 27 10
5 42 25
88 64 68
2 42 20
31 80 31
49 18 95
83 39 80
9 67 78
55 71 19
28 13 37
63 39 40
36 93 63
79 6 30
67 60 99
29 90 66
16 93 89
53 86 23
30 65 81
91 2 82
87 57 12
14 19 22
2 9 3
51 37 95
2 35 88
55 4 97
8 13 21
23 3 100
21 52 78
35 43 32
20 56 46
51 16 83
75 28 25
76 86 17
24 8 15
73 35 23
96 55 72
36 98 27
67 1 56
89 74 71
99 97 98
85 96 27
25 40 82
28 37 95
92 4 28
76 58 19
25 76 48
67 77 35
7 56 41
32 14 83
94 30 5
97 69 86
84 75 56
94 13 95
84 63 23
35 29 87
38 73 58
52 37 89
29 75 87
8 58 1
20 39 43
21 66 14
100 45 18
18 22 25
97 10 91
53 22 1
100 66 7
28 11 21
19 38 41
77 31 9
9 67 98
87 40 57
43 82 22
35 57 4
11 45 47
55 94 1
15 70 53
67 10 77
17 43 82
3 98 22
30 5 25
5 77 3
51 65 58
30 64 56
40 9 35
58 20 9
61 95 87
66 22 24
44 27 57
48 52 2
75 96 31
91 25 16
34 67 6
79 91 11
52 79 8
25 74 22
21 81 30
76 9 32
33 61 4
47 8 15
89 80 24
38 13 25
58 20 22
33 18 17
99 62 71
90 37 82
99 95 91
92 67 54
17 42 4
82 77 39
20 24 95
21 88 44
54 86 32
78 56 13
63 97 5
100 54 94
54 13 86
37 17 62
7 52 70
84 98 55
49 79 11
39 62 18
92 38 94
1 13 64
77 89 85
94 29 22
6 45 79
45 61 96
89 80 48
64 82 82
98 100 65
9 70 2
1 97 39
53 97 9
75 9 23
93 62 100
85 12 5
50 27 13
56 91 37
72 69 8
11 30 40
75 30 25
34 54 33
97 44 60
67 60 11
53 90 67
62 86 17
93 91 57
84 1 80
91 61 19
9 10 84
21 57 20
98 85 38
4 64 27
28 89 30
66 26 38
6 33 77
79 6 20
62 67 78
53 6 61
56 30 6
85 70 9
33 29 79
23 100 5
82 20 52
0 10 42
97 18 34
65 91 93
28 16 5
47 88 38
39 62 100
10 5 43
4 62 87
50 42 68
22 64 65
13 94 70
70 57 74
27 65 77
52 72 19
52 20 71
29 35 24
83 41 63
67 67 62
4 80 61
15 73 20
72 15 93
54 99 95
47 27 41
28 81 52
12 25 45
24 60 67
50 66 61
81 4 75
44 7 12
28 58 46
91 24 30
72 9 77
60 87 90
75 55 81
73 6 68
67 95 83
34 64 3
100 91 95
26 91 40
61 29 41
59 22 76
93 79 38
82 28 71
61 58 61
87 63 16
72 68 30
57 26 71
25 85 66
0 54 4
84 24 17
18 89 10
7 55 65
90 14 81
43 41 16
91 10 57
100 27 67
45 38 11
56 57 34
17 75 28
100 60 84
37 92 57
79 31 94
52 91 16
41 26 27
68 6 13
98 4 46
69 3 81
36 17 39
16 11 38
97 61 94
8 100 13
41 32 82
8 87 8
89 21 73
24 57 9
87 12 14
27 6 1
37 29 63
66 96 69
96 33 27
11 99 88
3 83 27
14 89 2
87 63 13
91 9 77
28 96 15
91 77 4
18 18 95
57 75 18
34 27 91
8 2 87
4 99 54
0 15 62
98 83 39
42 62 90
51 57 31
95 85 81
64 15 25
66 69 9
82 86 16
1 73 59
77 41 62
45 58 69
94 11 37
96 23 25
23 17 75
66 16 67
67 45 84
100 89 96
10 67 92
12 55 55
35 55 45
15 12 1
56 6 32
74 13 7
38 31 43
1 52 5
2 57 53
60 83 20
7 83 47
32 74 85
73 7 6
55 58 79
15 81 62
54 6 54
20 94 40
4 64 60
33 35 34
99 99 99
47 1 94
67 5 11
69 18 21
35 81 8
78 84 95
55 80 45
62 17 11
100 31 47
47 88 70
73 32 97
90 16 86
32 47 87
61 63 52
100 70 91
87 81 48
80 80 99
82 87 30
87 5 14
39 85 37
84 40 70
99 35 58
46 13 25
63 43 23
51 7 31
36 60 91
57 48 78
66 15 25
86 82 81
100 84 72
94 73 33
93 21 57
43 97 35
80 33 25
71 28 11
14 10 10
82 55 91
47 74 14
93 81 97
67 68 52
13 62 69
14 33 90
31 10 68
92 82 14
61 85 22
93 94 28
20 46 39
97 10 17
68 23 60
46 60 87
90 24 63
96 10 58
77 28 9
71 35 27
36 4 21
67 53 15
44 4 23
19 7 99
60 86 100
62 46 8
36 69 53
33 70 76
13 69 20
67 45 63
83 56 97
67 94 53
54 84 33
100 23 20
4 38 5
35 99 22
92 55 47
58 36 22
2 100 54
96 2 72
54 36 40
82 47 46
95 21 59
87 37 39
73 93 3
80 2 41
57 61 15
6 97 77
75 63 74
63 73 6
99 26 64
49 86 5
18 69 54
85 68 41
22 14 70
69 62 92
54 47 14
56 82 23
95 53 33
75 46 17
25 63 58
39 62 19
0 44 99
0 92 67
61 18 70
34 44 71
91 2 12
86 15 32
55 77 36
5 95 26
91 74 34
77 23 24
42 13 34
19 87 86
84 98 25
31 15 100
82 70 56
77 65 16
69 91 72
32 10 75
7 72 10
87 20 40
85 71 33
79 46 84
56 35 42
38 2 57
19 77 72
43 82 18
93 73 87
97 48 53
3 96 47
44 65 58
7 52 33
71 86 34
51 16 84
32 96 39
16 96 54
78 22 46
19 25 7
75 97 39
73 81 29
33 58 9
46 74 16
7 62 58
91 86 25
69 74 98
2 77 57
79 48 76
23 60 91
82 35 76
88 7 40
68 76 65
17 69 21
35 35 60
63 47 47
2 64 93
74 98 45
45 3 87
26 4 85
49 48 55
85 73 70
77 46 25
31 30 58
46 54 18
6 27 73
63 18 95
39 12 84
13 78 5
79 29 41
3 19 75
21 28 21
47 12 95
23 76 96
7 78 53
98 69 74
86 75 33
33 84 61
43 24 79
25 69 7
99 70 86
42 65 78
84 18 41
10 37 85
16 58 27
55 65 61
32 27 27
81 58 33
52 27 39
68 55 29
95 95 17
93 73 82
87 93 35
81 69 83
98 23 27
100 91 42
85 85 34
53 52 65
0 57 27
38 15 17
4 79 33
1 69 27
95 88 7
15 27 85
38 10 22
12 72 83
37 73 10
91 47 20
47 52 75
91 54 60
22 75 38
15 14 85
38 4 1
94 75 65
46 38 10
82 32 14
6 74 32
52 56 84
79 70 92
18 75 8
39 39 55
55 47 53
48 100 7
49 43 41
79 87 63
53 61 85
77 91 2
43 54 4
36 22 35
52 27 3
16 86 46
7 34 65
75 40 70
66 92 12
37 87 64
59 78 24
4 99 34
19 67 40
11 78 3
99 77 4
81 40 43
68 63 40
5 47 66
23 5 33
53 46 81
45 39 5
64 81 11
10 55 27
22 54 16
52 71 59
81 64 71
23 8 13
16 66 96
19 15 33
73 94 6
37 62 67
69 77 100
41 5 75
30 25 5
47 66 45
21 99 3
18 28 91
87 21 91
25 25 97
81 30 41
2 93 86
3 31 48
29 21 13
94 30 67
37 59 59
75 52 73
17 32 44
12 8 16
95 85 18
66 98 21
10 34 81
59 83 100
63 53 74
40 67 34
22 15 99
17 36 76
12 9 17
95 22 15
81 79 13
7 13 96
45 62 57
85 13 84
54 28 35
10 19 4
74 77 38
25 23 43
20 71 63
14 36 81
4 87 25
44 71 96
95 62 96
55 84 13
22 61 99
3 40 45
55 48 15
32 67 10
83 53 23
52 96 17
83 21 71
51 52 94
51 66 33
100 37 76
72 84 72
77 76 20
77 21 90
86 25 64
10 38 38
4 1 83
57 58 89
100 31 11
63 90 6
65 77 35
84 38 75
79 13 6
92 31 9
88 98 52
51 9 46
48 62 3
90 63 36
14 84 31
39 72 57
24 98 37
85 55 91
70 91 100
50 36 93
68 45 5
90 69 64
84 26 67
92 10 71
30 74 67
13 55 55
41 98 74
41 35 64
75 18 15
8 44 91
28 95 98
34 99 40
62 17 79
64 70 73
17 37 79
17 52 13
42 63 85
28 53 36
38 4 40
100 9 27
85 33 65
17 53 33
65 88 97
84 71 12
25 54 15
53 70 66
100 26 16
88 58 41
42 67 86
71 52 15
67 88 33
77 18 99
72 53 57
25 2 9
63 38 11
34 38 11
91 10 23
57 75 37
79 12 10
76 85 40
80 66 44
30 44 90
97 16 13
35 45 55
0 20 25
42 91 58
23 7 39
46 69 58
70 59 36
98 42 24
76 10 62
40 47 81
48 86 21
100 1 1
59 46 2
57 28 81
5 36 8
91 48 60
91 5 25
53 80 34
38 8 35
50 20 90
65 46 89
74 83 52
64 88 26
17 81 100
1 95 53
2 76 15
57 85 91
48 55 54
32 98 7
31 37 19
67 14 93
8 61 41
27 69 53
52 29 5
100 76 79
78 53 78
70 100 38
82 97 70
53 100 79
9 100 8
70 29 55
7 38 80
0 27 62
89 37 94
17 17 24
31 11 66
93 92 92
63 42 23
65 69 32
14 63 94
17 78 67
31 8 81
19 90 69
24 29 11
47 27 8
41 20 71
25 18 17
24 26 19
70 72 24
21 63 84
73 60 73
64 25 83
32 15 55
55 32 37
2 86 38
29 42 62
6 74 68
6 23 99
7 68 97
88 5 55
26 54 1
96 44 13
0 34 29
42 67 14
7 54 41
76 78 55
2 67 55
32 43 54
96 100 18
1 81 66
61 30 32
77 75 10
76 47 70
56 56 52
22 95 30
37 3 58
63 5 13
31 3 8
46 18 82
97 14 17
84 70 75
23 1 19
33 17 14
3 8 88
41 67 73
45 39 23
69 25 52
57 10 21
61 88 67
95 61 13
43 89 76
79 7 62
6 12 13
27 5 38
30 83 16
69 26 21
62 90 75
21 61 42
82 98 10
49 78 52
76 21 60
98 39 27
34 29 37
34 72 48
24 100 35
65 81 74
23 58 58
39 5 87
64 96 55
12 100 82
54 7 5
52 23 15
100 66 13
41 12 92
44 95 98
45 54 78
33 6 28
14 78 60
